400
200
-1 -1
39 391
322 918
935 503
793 150
211 632
383 125
337 187
425 30
539 996
876 124
961 906
169 973
395 1000
94 10
74 987
482 940
214 62
972 398
900 863
889 381
56 979
972 649
230 704
916 235
280 57
97 678
311 236
918 267
302 203
103 677
182 74
922 594
187 1000
295 723
878 842
300 367
336 125
962 552
960 562
946 800
97 991
299 677
31 367
515 948
294 216
969 505
134 618
301 23
434 256
758 627
305 963
73 554
800 446
932 818
466 126
865 294
235 805
528 304
37 520
296 231
753 365
876 459
985 565
267 232
7 15
63 121
566 203
845 191
654 168
794 146
58 571
393 217
809 988
576 954
362 927
310 950
235 203
311 113
222 360
704 269
191 961
830 706
106 967
27 641
978 12
966 697
22 514
921 395
811 1
868 86
883 302
654 167
282 672
317 276
407 875
865 865
873 346
111 899
21 885
67 144
313 271
229 44
49 469
930 886
88 923
743 147
403 977
289 989
269 214
105 536
877 173
206 622
754 142
326 127
811 735
342 857
77 822
994 537
579 605
230 651
202 50
30 57
996 710
667 159
825 350
393 872
46 613
800 374
214 33
870 311
431 184
49 120
6 890
125 603
38 526
238 39
353 986
972 565
764 599
107 53
876 593
37 684
968 396
411 146
935 569
90 976
789 210
936 659
231 789
494 168
958 493
59 618
258 39
908 240
957 769
292 737
229 538
73 8
984 491
547 8
937 503
258 942
519 293
54 107
443 36
891 465
48 479
365 992
552 953
83 188
287 112
979 294
1000 98
957 992
990 197
840 263
310 1
336 686
29 898
578 965
7 643
866 191
377 927
495 34
574 188
942 806
679 601
123 892
824 997
893 172
844 7
91 897
764 21
86 362
234 548
123 750
188 498
256 892
218 325
777 406
187 81
999 29
978 258
258 826
931 556
264 951
762 38
2 874
34 555
96 596
21 836
343 663
808 598
977 122
948 90
289 879
437 902
2 684
99 448
817 178
361 926
103 979
811 677
342 740
854 816
930 771
398 9
87 716
975 232
979 937
5 462
925 160
67 77
538 70
409 216
101 618
739 203
998 968
12 368
162 591
491 12
737 352
767 151
799 832
105 939
314 206
507 24
339 867
864 302
841 976
835 205
6 458
937 205
44 345
852 587
868 356
964 765
104 536
704 590
394 317
84 202
281 75
237 1
425 164
710 598
12 869
955 291
324 661
250 951
331 308
521 957
504 186
79 560
912 438
796 636
871 811
5 694
191 536
303 70
840 329
313 683
886 661
53 504
100 292
383 262
516 393
965 351
256 653
106 256
957 979
177 492
257 102
36 881
273 987
214 612
919 809
945 559
802 623
216 308
23 646
778 447
754 420
928 172
942 427
869 656
462 888
907 972
283 169
87 177
975 240
232 904
416 130
912 206
965 361
383 913
33 175
489 904
74 657
747 412
47 944
954 294
958 53
406 12
999 146
10 91
983 246
871 692
46 986
831 343
89 720
999 590
486 978
578 164
878 647
391 308
979 270
869 758
57 318
887 276
945 236
309 727
68 410
353 696
808 346
79 385
34 564
23 540
943 208
428 318
436 62
894 613
872 69
234 673
501 986
645 969
870 413
910 669
32 943
187 484
750 833
971 327
465 113
909 13
91 737
40 990
778 700
935 929
66 155
426 0
358 932
4 866
7 111
941 569
508 195
548 182
953 141
796 728
814 15
283 746
91 322
937 357
58 203
862 353
920 357
585 872
238 239
11 454
336 38
456 980
387 174
94 856
415 20
862 579
253 59
896 672
705 887
488 386
27 528
913 222
490 374
80 505
175 499
269 501
196 453
248 453
83 413
154 426
454 495
68 354
175 387
2 322
89 346
155 371
214 373
12 254
374 433
7 214
22 222
96 252
72 232
313 384
207 284
0 120
163 237
141 210
39 101
342 356
82 89
232 225
105 90
358 348
60 6
395 385
314 289
107 31
164 47
226 113
396 328
374 279
356 162
426 323
337 41
359 69
377 35
380 34
469 320
474 321
462 205
476 168
478 142
496 411
491 218
498 277
504 197
508 263
513 251
528 67
550 40
525 335
583 114
585 150
586 266
608 208
544 402
704 9
767 16
727 131
664 241
742 141
835 41
799 110
897 37
825 132
948 8
664 331
959 10
836 163
701 318
878 153
727 304
702 328
822 224
933 130
748 293
997 137
636 413
966 178
830 336
747 382
935 291
515 503
942 299
717 416
850 366
953 354
785 417
800 413
913 393
995 388
744 460
818 458
993 437
871 458
926 489
998 573
706 553
672 553
843 598
649 558
879 640
660 567
752 605
958 731
919 714
985 754
762 645
741 662
838 732
964 826
701 666
954 871
928 860
983 930
905 862
948 930
956 973
927 969
737 779
886 962
693 737
781 867
562 594
748 875
810 968
759 901
695 815
716 983
717 990
619 773
663 906
655 900
645 908
616 855
638 950
610 911
581 840
574 967
555 884
562 936
516 662
522 754
514 966
508 853
492 899
478 782
425 910
414 928
393 854
373 904
370 856
299 992
337 876
291 969
374 782
342 849
405 714
408 702
442 631
427 645
227 932
200 920
141 993
162 928
222 834
74 938
257 741
140 811
85 833
13 882
113 787
302 644
142 749
222 687
121 738
156 705
268 635
136 702
300 614
280 620
53 724
214 636
396 555
413 537
130 623
154 593
182 575
216 555
198 535
74 531
202 513
