512
512
3 2
2361 6717
2529 1225
7692 4342
1315 5383
8742 6226
5188 7994
8864 588
1121 3846
1612 1646
4906 474
753 5314
919 4806
4000 8702
6751 9272
2868 1293
9985 6267
3945 8153
9554 2344
4183 153
7622 4712
5661 9626
1747 3886
5881 9417
359 6484
4497 132
9272 803
9935 8138
9946 5772
4106 2240
1591 645
5061 7222
546 9495
5977 2153
1476 4835
2165 8837
5549 1886
6511 9131
5992 1479
6464 228
4332 8791
9577 6242
6086 1775
410 9198
5374 9995
3626 1035
2290 742
609 4986
8071 1902
1592 3846
8807 2222
6866 9622
1622 8017
536 6070
3559 7264
5942 1627
3109 2001
7450 1501
3475 9783
349 828
2063 9250
3362 1124
9080 3394
9607 3538
2417 9764
46 4542
8850 4106
2858 1801
422 2159
243 5869
3898 9647
5304 258
2854 4347
858 2076
6897 8619
1862 1041
9726 1786
7405 8254
3629 710
8543 4941
7504 510
7267 1204
1323 5277
9966 2430
4505 9590
8984 5327
6240 9787
7433 8282
9919 7048
9033 3522
7046 7398
6532 6815
6992 5120
1099 1494
1398 1527
9115 982
9202 5400
842 4712
9837 5119
5761 1697
9468 8313
3485 2535
7900 3674
9113 6022
1882 4564
9406 3705
7030 9190
9121 430
9977 4381
100 2972
2347 9278
6566 1140
2324 502
1503 8691
5585 2578
5314 9299
9768 1391
861 2549
2579 815
1336 4458
7957 9946
1816 4640
9717 7972
8633 5053
744 3612
6475 9819
897 125
3460 2248
5375 1965
126 8149
7055 2878
8725 3770
8196 9154
6505 693
7147 307
7532 1275
5129 9433
7033 9394
6636 341
7538 5928
1443 7155
7138 9648
1288 6484
2754 1251
8693 8355
3871 1684
2399 4193
3232 2842
9869 2504
1234 2902
8095 7601
7354 9248
4500 9689
920 5766
8312 1215
5085 7565
7404 616
932 6041
1479 9733
7581 9508
9081 672
7368 9366
3084 5267
9912 7792
8214 2471
1013 7381
1381 8266
7199 8586
8564 9991
6347 6697
5543 9795
857 5482
1079 5401
1548 9141
4128 9874
1335 9547
2112 9749
1388 5072
9157 6171
5381 2093
8624 1531
6937 8331
5928 298
1264 4846
8843 8626
618 5517
2147 9785
6172 2527
2712 7170
715 6731
5070 7684
9345 7218
8641 6859
9906 2267
4096 854
7873 6081
9085 1680
8452 2042
7361 8410
1502 3637
7391 5727
436 6797
872 6495
8224 6126
3678 461
5221 1623
2254 627
7349 86
1298 311
2449 8991
9975 8647
782 3906
1029 1816
8443 9421
25 5780
3941 9349
6825 3068
5908 1108
8618 8914
9079 333
266 5850
3950 1698
9533 5447
2185 726
5546 2868
7612 7840
1033 7498
605 4807
3302 717
3268 686
8444 6524
4150 599
5848 783
7159 6553
7204 6334
7055 9870
2956 8937
1680 1311
5021 7305
9873 6981
693 5776
510 2339
9954 7179
570 2068
1101 3866
6272 9293
8674 6012
6521 5150
1858 424
8482 6340
9202 1929
3279 2009
2223 1213
1063 9011
1988 3292
8094 430
9376 6044
2126 1412
1077 5067
6523 7842
8612 6730
6708 9419
5194 1215
8476 5644
2102 9032
9630 2981
8238 907
9024 4496
2050 4961
9696 9513
9914 5531
9234 674
464 1330
744 9449
9373 6825
4949 7912
1195 981
5573 9939
2353 5121
6532 2142
6070 8437
9202 1739
4382 7366
1586 829
9464 5123
3110 2610
5055 8148
379 1475
3524 9557
5781 797
828 4609
8108 9789
7710 4681
8793 133
1761 7060
2194 4333
5995 741
6563 838
1204 6329
9008 4582
1584 6453
9139 5990
2363 3261
9870 8341
6576 8193
659 742
2440 9932
8446 2290
4902 9727
5511 8311
8351 8721
8025 9222
4911 7780
272 6035
5427 1795
6824 9563
5040 436
9779 7775
4350 9477
9463 3728
8589 6229
310 7225
8221 7726
1020 2262
9189 5325
8734 5608
8950 5804
4331 9995
9143 4890
7861 5714
9183 4480
9395 8899
5654 2399
5674 7247
4201 7849
3505 3310
8824 4442
9208 4450
9614 3920
3972 831
8700 3697
3814 860
1647 2252
84 9016
969 1465
9406 3804
8767 611
2880 595
3052 4742
613 151
4888 9305
9875 1758
7444 8901
8590 8092
2198 8261
3159 1845
3050 230
9302 3164
7007 8442
5372 1421
7822 5301
4064 111
4947 9543
9386 187
3871 1017
6642 8233
9924 6121
6813 8998
7714 8806
9761 1341
8609 7319
8653 5927
1279 9243
1838 1011
8972 8281
3312 9383
8792 2455
1904 3365
9554 8008
1489 8361
7298 911
8409 6806
7484 9239
945 9155
7575 5049
356 6487
4169 49
3570 9475
1196 742
6941 5644
987 1130
7734 519
6887 6135
1314 8835
1943 2924
8802 6439
8664 2086
3648 56
372 4888
6948 8715
5671 2541
1848 527
6868 256
1102 1653
9731 550
7314 9794
797 4009
724 6590
8843 3559
924 2295
3836 9438
5224 9461
9796 5253
998 9121
9693 2869
6999 9107
8120 768
9214 6761
8683 2196
1514 8775
3120 844
9911 9878
647 1192
3082 9626
9156 3555
251 3470
3113 1922
7846 3974
9902 3350
9045 5269
7639 8743
8401 8147
749 9216
265 4272
9065 9568
9488 6841
4836 2497
9335 4026
5770 2773
2293 8954
8882 962
8584 554
1217 794
104 6756
1113 2474
149 3583
8285 7471
6114 990
257 108
8719 9038
6739 194
274 8673
4697 280
2937 1753
1578 8591
3144 8625
9256 3984
3700 4914
1320 519
1531 6640
919 154
2807 1354
8189 7109
5427 9270
1562 8653
697 3764
3463 9286
762 1218
9232 539
2938 5152
256 3394
9617 2362
6525 1260
9239 3939
9284 6375
8856 5435
6288 2292
5666 879
1600 7161
3803 1245
5580 9915
9758 6499
5347 485
3043 9598
6227 1404
1204 1344
6383 5188
5909 1745
1499 85
5050 7286
1674 2170
1430 3070
9125 9088
8395 6685
1692 430
9080 1524
9780 9798
202 4781
1387 9167
3977 9370
2274 4405
1036 2739
7121 4521
6899 4911
7933 1260
4040 8123
9728 3203
2219 4991
110 6483
9738 2230
9883 3290
7848 5147
8044 9435
715 5213
525 5168
1442 5153
685 5050
3155 5169
3346 5147
1669 4941
3295 5107
2718 5039
1743 4889
1524 4820
1827 4808
1269 4681
2939 4952
1389 4649
3180 4853
823 4262
2073 4494
3986 5016
2200 4333
2340 4339
1113 3853
3006 4563
1402 3954
916 3752
1790 4073
964 3750
1166 3824
1307 3814
1530 3848
3733 4741
387 3164
2287 4040
1084 3456
3792 4720
406 2938
659 2870
1625 3404
3335 4375
333 2496
3432 4374
3595 4471
3114 4173
1312 3044
3457 4335
878 2485
158 1832
90 1746
2503 3505
2547 3527
319 1832
3090 3912
1330 2573
2085 3143
452 1889
1232 2442
3841 4451
241 1528
626 1776
1713 2634
423 1496
488 1535
1876 2683
117 1163
444 1375
1796 2504
2536 3111
832 1512
651 1343
3910 4351
400 757
745 893
2267 2471
1290 1403
4065 4371
1545 1588
3582 3811
659 508
3033 3138
1169 977
1891 1753
1139 750
3139 3116
722 58
1104 514
1612 993
1489 771
1869 1070
3728 3652
4634 4891
4462 4616
2608 1771
2236 1143
1680 200
1824 409
3258 2504
3262 2414
4246 4050
4061 3681
2564 43
3593 2266
3683 2441
3020 841
4051 3266
3657 2286
3249 1245
3872 2724
3929 2847
3878 2662
3920 2594
3681 1858
4010 2677
3777 1976
3997 2417
4506 4012
3908 2068
3673 1124
4279 2925
4066 1940
4291 2647
4022 1419
4088 1684
3923 949
4352 2330
4345 2170
4333 711
4377 42
4669 2584
4564 1137
4636 1647
4557 106
4771 534
4861 3566
4905 1697
4978 1395
5138 936
5096 1771
5180 1188
5143 2041
5023 4118
5085 3680
5413 1160
5590 207
4978 4700
5514 1674
5464 2143
5325 2979
5718 1127
5974 653
5183 4272
6267 634
5617 3335
6570 960
5977 2664
6912 520
6770 888
6812 1020
6043 2749
6126 2646
6684 1527
7433 53
7342 282
6484 2144
6325 2492
7486 251
6615 1964
5862 3441
7242 845
7172 1317
7611 822
7651 887
6658 2532
6284 3122
8431 18
7041 2088
8115 606
7022 2223
7962 1133
7397 1982
8977 6
7560 1924
9064 188
6669 3119
9106 166
7123 2591
7758 1874
8938 590
5813 4232
7305 2607
7941 1989
8883 998
5574 4552
9481 420
9272 672
9619 339
5576 4581
8849 1320
9043 1229
8379 1894
9798 653
8022 2434
9016 1604
7752 2780
9771 1040
7564 2977
6873 3611
9224 1638
8727 2060
6965 3585
8998 2146
8701 2579
9031 2369
9052 2426
9837 1983
9064 2546
9007 2705
8464 3130
7886 3502
7988 3475
7711 3644
6906 4133
6211 4558
6572 4386
8821 3228
9459 3150
7939 3919
7579 4092
7619 4198
9240 3571
8423 3899
8004 4114
9909 3450
6939 4533
9075 3770
9641 3608
5728 5000
7434 4438
9096 3937
8669 4119
7245 4557
9132 4082
9333 4033
9700 3978
9891 4102
5947 5038
9512 4349
5663 5139
8117 4722
7253 4871
9767 4526
9405 4658
9066 4786
5502 5238
5460 5260
9292 5155
9755 5198
7460 5272
7078 5280
9669 5439
8785 5425
8445 5491
6528 5378
6211 5363
6678 5421
8698 5632
7935 5654
7216 5582
6596 5559
9528 6046
6209 5511
9368 6274
8903 6180
7062 5804
9938 6932
7749 6246
7573 6216
9143 6818
9642 7025
8346 6548
7018 6071
9774 7119
6543 5930
8099 6547
6065 5820
6888 6211
9763 7668
9729 7699
6537 6118
8786 7350
9440 7744
5355 5529
8889 7569
8890 7633
9820 8327
9105 7973
6304 6252
8847 8090
6939 6735
7777 7373
9260 8565
7921 7616
8348 8085
7905 7736
9197 8830
9697 9246
9749 9325
7238 7244
8837 8689
9933 9766
9616 9501
7690 7843
9926 9949
5419 5764
7800 8041
9485 9740
6149 6498
9502 9939
7811 8238
8702 9157
9336 9999
8947 9883
7708 8502
6693 7381
7140 7956
8595 9777
7141 8056
7251 8270
7753 9068
7527 8785
8279 9863
8317 9977
6882 8031
7177 8479
6482 7517
7316 8824
6658 7956
6658 8004
6232 7381
7179 8900
7239 9038
6565 8056
5967 7066
5700 6690
6991 8976
7359 9654
6865 8818
6971 9017
7007 9189
6232 7814
7136 9707
7019 9560
7149 9932
5934 7532
6868 9562
6790 9431
5507 6624
6561 9012
5442 6745
5927 8167
6381 9569
5403 6744
5344 6592
6311 9446
6049 9543
5794 9173
5688 8728
5568 8318
5279 7618
5635 9891
5310 8005
5446 9042
5067 6691
4982 6594
5091 9024
5111 9433
5003 9316
4930 6653
4956 8666
4915 7491
4920 8308
4892 6389
4844 9083
4781 8337
4530 9659
4728 7195
4719 7178
4543 8540
4415 9441
4632 7438
4422 9125
4562 7953
4334 9663
4425 8817
4673 6930
4304 9577
4803 5925
4460 8199
4569 7385
4554 7428
4342 8645
4325 8280
4315 8201
4499 7206
3946 9295
4526 6798
4345 7454
4479 6807
3750 9424
4136 7827
4011 7784
3697 8561
3981 7749
3995 7613
3510 8834
3470 8835
3993 7483
2973 9590
3257 8928
3501 8375
3492 8288
3613 7999
3483 8179
2851 9324
3545 7933
3073 8494
2803 8751
2885 8548
2444 9221
2881 8486
2927 8317
3467 7449
2167 9355
4573 5753
3269 7541
3826 6730
1424 9674
1169 9980
2091 8751
2522 8165
3443 7043
1880 8922
986 9988
1958 8779
1122 9749
1876 8797
1679 8935
1213 9453
2704 7657
958 9489
3388 6883
3630 6625
472 9975
821 9571
1291 9044
2068 8229
1633 8617
3241 6965
2068 8042
344 9638
1200 8808
9 9813
320 9432
3788 6275
2103 7787
828 8856
434 9195
4002 6054
2184 7612
2037 7679
224 9048
1129 8289
128 9086
317 8837
2506 7135
931 8320
1988 7478
231 8751
2900 6755
2615 6924
2621 6916
1494 7700
1341 7705
27 8518
470 8098
2296 6912
1644 7213
3185 6291
1193 7461
1729 7102
4371 5573
3727 5912
1235 7260
601 7451
152 7508
1899 6622
727 7144
2697 6209
1052 6797
2045 6201
1654 6227
1519 6224
441 6455
475 6371
35 6396
1584 5881
853 5733
96 5763
1049 5539
1146 5409
3598 5313
4135 5296
4397 5280
