256
32
3 2
6065 5820
1169 9980
7573 6216
4422 9125
916 3752
525 5168
1084 3456
9292 5155
6482 7517
9197 8830
4304 9577
6543 5930
3593 2266
8348 8085
1796 2504
9771 1040
6304 6252
9763 7668
8669 4119
9064 188
7123 2591
7433 53
4315 8201
8317 9977
3258 2504
8837 8689
9 9813
319 1832
3923 949
3946 9295
1290 1403
7962 1133
8727 2060
9007 2705
4342 8645
9938 6932
3470 8835
6537 6118
7397 1982
1049 5539
344 9638
9075 3770
9641 3608
117 1163
964 3750
1104 514
5413 1160
8423 3899
4562 7953
3510 8834
9440 7744
1545 1588
7062 5804
6939 6735
7651 887
6596 5559
8786 7350
1235 7260
9016 1604
828 8856
241 1528
7886 3502
6570 960
35 6396
9105 7973
958 9489
8883 998
5138 936
821 9571
7811 8238
8701 2579
1122 9749
1113 3853
9333 4033
9485 9740
651 1343
9260 8565
152 7508
9224 1638
1200 8808
5718 1127
4956 8666
128 9086
9064 2546
9909 3450
4325 8280
8004 4114
832 1512
722 58
5464 2143
158 1832
8938 590
9052 2426
7041 2088
685 5050
5974 653
406 2938
2608 1771
6267 634
7711 3644
387 3164
6528 5378
8346 6548
8785 5425
452 1889
9512 4349
9774 7119
7149 9932
8379 1894
727 7144
27 8518
8821 3228
5967 7066
1146 5409
4920 8308
4844 9083
6888 6211
2851 9324
8977 6
9502 9939
7238 7244
7752 2780
1389 4649
8445 5491
3262 2414
400 757
1193 7461
8099 6547
90 1746
6965 3585
7611 822
9132 4082
2184 7612
8702 9157
9755 5198
7251 8270
7305 2607
7777 7373
4543 8540
1269 4681
8849 1320
1052 6797
6678 5421
8890 7633
320 9432
96 5763
8947 9883
7140 7956
475 6371
5507 6624
441 6455
9697 9246
444 1375
7022 2223
7564 2977
823 4262
6211 5363
317 8837
853 5733
3673 1124
659 508
333 2496
7758 1874
9240 3571
9926 9949
1876 2683
9481 420
5111 9433
6149 6498
3249 1245
9700 3978
9837 1983
9272 672
7018 6071
5590 207
6882 8031
4425 8817
7921 7616
7136 9707
4022 1419
9336 9999
6209 5511
470 8098
7988 3475
9767 4526
9106 166
8464 3130
9096 3937
7800 8041
7342 282
9528 6046
7753 9068
8698 5632
5419 5764
7434 4438
3777 1976
4530 9659
8595 9777
231 8751
745 893
9066 4786
1680 200
9405 4658
7690 7843
7216 5582
3020 841
1213 9453
9143 6818
9933 9766
3697 8561
6232 7381
7253 4871
9642 7025
5003 9316
986 9988
9043 1229
2564 43
6693 7381
9729 7699
1166 3824
4334 9663
1169 977
9749 9325
2037 7679
4460 8199
8847 8090
7172 1317
9798 653
7078 5280
9891 4102
423 1496
3750 9424
9619 339
4415 9441
659 2870
7708 8502
7245 4557
2973 9590
7141 8056
5700 6690
1713 2634
8117 4722
601 7451
1442 5153
8431 18
8889 7569
7242 845
8998 2146
7941 1989
472 9975
5091 9024
224 9048
3681 1858
7560 1924
4781 8337
7905 7736
1307 3814
488 1535
2547 3527
1139 750
1824 409
3582 3811
3733 4741
3657 2286
4333 711
4557 106
5514 1674
4506 4012
6912 520
6873 3611
5574 4552
9459 3150
4803 5925
7527 8785
8279 9863
7359 9654
5635 9891
4554 7428
3257 8928
1424 9674
1679 8935
1291 9044
2615 6924
434 9195
2045 6201
1654 6227
1519 6224
1584 5881
