512
128
3 2
35 6396
9105 7973
958 9489
8883 998
821 9571
7811 8238
8701 2579
931 8320
1312 3044
1122 9749
1113 3853
6615 1964
9333 4033
9485 9740
651 1343
6868 9562
9260 8565
6484 2144
152 7508
9224 1638
5718 1127
7179 8900
4956 8666
128 9086
2200 4333
9064 2546
9909 3450
832 1512
722 58
7239 9038
158 1832
1232 2442
8938 590
6049 9543
9052 2426
685 5050
5974 653
5794 9173
3878 2662
406 2938
6267 634
387 3164
8346 6548
8785 5425
452 1889
9512 4349
9774 7119
7149 9932
8379 1894
6311 9446
3114 4173
727 7144
27 8518
5067 6691
4844 9083
2085 3143
6888 6211
2851 9324
8977 6
9502 9939
5279 7618
1389 4649
8445 5491
3262 2414
400 757
1193 7461
6790 9431
8099 6547
90 1746
6965 3585
7611 822
9132 4082
1988 7478
8702 9157
9755 5198
7251 8270
7305 2607
7777 7373
4543 8540
7939 3919
1269 4681
8849 1320
1052 6797
8890 7633
6381 9569
320 9432
96 5763
8947 9883
7140 7956
475 6371
441 6455
9697 9246
444 1375
823 4262
3467 7449
1341 7705
317 8837
853 5733
3673 1124
659 508
333 2496
3908 2068
7758 1874
9240 3571
9926 9949
9481 420
5111 9433
3249 1245
9700 3978
1669 4941
9837 1983
9272 672
5688 8728
7018 6071
1129 8289
5590 207
1729 7102
7921 7616
7136 9707
9336 9999
470 8098
9767 4526
9106 166
1402 3954
9096 3937
7342 282
1524 4820
9528 6046
7753 9068
8698 5632
3777 1976
3545 7933
4530 9659
8595 9777
231 8751
2073 4494
745 893
9066 4786
1680 200
9405 4658
7216 5582
3020 841
1869 1070
1213 9453
878 2485
2444 9221
9143 6818
9933 9766
3697 8561
7253 4871
9642 7025
5003 9316
986 9988
1625 3404
1330 2573
9043 1229
2564 43
9729 7699
1166 3824
4334 9663
3683 2441
1169 977
2718 5039
9749 9325
4982 6594
8847 8090
7172 1317
9798 653
9891 4102
423 1496
3750 9424
9619 339
4415 9441
659 2870
7708 8502
2973 9590
7141 8056
1494 7700
8117 4722
6561 9012
601 7451
8431 18
8889 7569
3073 8494
5927 8167
7242 845
3335 4375
8998 2146
7941 1989
472 9975
3920 2594
5091 9024
224 9048
6684 1527
3681 1858
9031 2369
9820 8327
5568 8318
4377 42
9616 9501
7316 8824
7935 5654
8903 6180
9368 6274
3826 6730
8115 606
9669 5439
1644 7213
7486 251
2529 1225
8742 6226
8864 588
1121 3846
7269 2725
4906 474
919 4806
6751 9272
2950 2785
2868 1293
9985 6267
3945 8153
9554 2344
4183 153
7622 4712
8955 2588
1210 7237
5661 9626
6248 9370
5881 9417
359 6484
4497 132
9272 803
9935 8138
9946 5772
1591 645
1476 4835
5994 8697
8221 4465
2695 4210
7894 4835
2306 3696
6511 9131
6464 228
4332 8791
2024 7451
6038 4295
9577 6242
410 9198
5374 9995
3626 1035
7606 4951
6689 1911
2290 742
609 4986
8071 1902
8807 2222
6078 8850
6866 9622
536 6070
3559 7264
6018 8920
5876 992
3109 2001
3475 9783
349 828
3362 1124
9080 3394
9607 3538
2417 9764
46 4542
8850 4106
2858 1801
422 2159
243 5869
3898 9647
5304 258
858 2076
1862 1041
7802 7344
5931 8408
9726 1786
7405 8254
3629 710
8543 4941
7504 510
996 7847
7267 1204
9966 2430
4505 9590
8984 5327
6240 9787
8692 4831
7433 8282
9919 7048
9033 3522
5553 7430
1557 5120
4176 6132
1099 1494
9115 982
9608 9201
9202 5400
842 4712
9837 5119
9468 8313
1773 5736
9113 6022
1882 4564
9121 430
9977 4381
474 2955
100 2972
2347 9278
2324 502
9768 1391
861 2549
2579 815
1336 4458
7259 6947
7957 9946
7242 6785
8394 1864
1816 4640
9717 7972
8633 5053
744 3612
6475 9819
897 125
3460 2248
126 8149
8725 3770
8196 9154
5802 1180
6505 693
7147 307
5129 9433
6636 341
7538 5928
7138 9648
1288 6484
2754 1251
8363 1868
8693 8355
3871 1684
9869 2504
1234 2902
8095 7601
9236 9494
7354 9248
1118 7682
7245 4961
4500 9689
920 5766
8312 1215
7404 616
932 6041
1479 9733
7581 9508
9081 672
7368 9366
9912 7792
1013 7381
1695 5626
2827 641
8564 9991
5543 9795
857 5482
1548 9141
4128 9874
2463 5461
1335 9547
5082 6421
2112 9749
1388 5072
9157 6171
8624 1531
6937 8331
5928 298
5598 7967
1264 4846
618 5517
2147 9785
6172 2527
715 6731
7277 4668
9345 7218
7564 4616
8641 6859
9906 2267
7873 6081
7361 8410
1502 3637
7391 5727
436 6797
872 6495
8224 6126
1337 6142
3678 461
2254 627
7349 86
1298 311
2449 8991
9975 8647
782 3906
1029 1816
8782 269
8443 9421
3963 2352
25 5780
3941 9349
5908 1108
8618 8914
9079 333
713 6338
266 5850
1106 5649
3950 1698
9533 5447
2185 726
5772 8945
1033 7498
605 4807
3302 717
3268 686
8444 6524
8897 7756
4150 599
5848 783
7204 6334
6018 8507
4369 1353
6955 1293
7055 9870
2956 8937
9873 6981
693 5776
939 1229
8406 2621
510 2339
9954 7179
570 2068
1101 3866
6272 9293
530 9913
7273 1259
9403 2255
8674 6012
1858 424
8482 6340
9202 1929
7311 3515
3279 2009
8882 4757
8335 3673
1988 3292
2275 3878
8094 430
5912 9077
9376 6044
7657 9038
2126 1412
1077 5067
8612 6730
6708 9419
8476 5644
9630 2981
2114 7088
8238 907
5669 8501
9024 4496
2050 4961
8740 1530
8234 2762
9696 9513
9914 5531
9234 674
464 1330
744 9449
9373 6825
496 8159
8938 4745
1195 981
7609 3342
5573 9939
2353 5121
6532 2142
6070 8437
9202 1739
7642 2007
1586 829
9464 5123
8163 8433
7648 8171
379 1475
3524 9557
5781 797
828 4609
8108 9789
7710 4681
8793 133
2194 4333
5995 741
9343 9204
9064 4728
1204 6329
8261 7378
9008 4582
1584 6453
9139 5990
9870 8341
659 742
637 2245
525 5168
3295 5107
1743 4889
1827 4808
2340 4339
916 3752
964 3750
1790 4073
3006 4563
1307 3814
1084 3456
2287 4040
3733 4741
3432 4374
319 1832
2547 3527
241 1528
488 1535
117 1163
1796 2504
1290 1403
1545 1588
1139 750
1104 514
1612 993
1489 771
3582 3811
3139 3116
1824 409
3258 2504
3593 2266
4061 3681
3657 2286
3872 2724
4010 2677
3923 949
4333 711
4506 4012
4557 106
5413 1160
5514 1674
6912 520
7433 53
5977 2664
6126 2646
7651 887
7962 1133
7397 1982
9064 188
7123 2591
6669 3119
9016 1604
9771 1040
8727 2060
6873 3611
5574 4552
9007 2705
9459 3150
6572 4386
7579 4092
8423 3899
9075 3770
9641 3608
8669 4119
5947 5038
9292 5155
6596 5559
7062 5804
9938 6932
7573 6216
6543 5930
6065 5820
6537 6118
9763 7668
8786 7350
9440 7744
6304 6252
6939 6735
8348 8085
9197 8830
8837 8689
6482 7517
7527 8785
7177 8479
8279 9863
8317 9977
6658 7956
7359 9654
7019 9560
4803 5925
5310 8005
5635 9891
4562 7953
4554 7428
4422 9125
4304 9577
4342 8645
4315 8201
3946 9295
3981 7749
3510 8834
3470 8835
3257 8928
3483 8179
4371 5573
2803 8751
2927 8317
2167 9355
1424 9674
1169 9980
1876 8797
1679 8935
1291 9044
344 9638
2103 7787
9 9813
828 8856
434 9195
2615 6924
2621 6916
2296 6912
1235 7260
2045 6201
1654 6227
1519 6224
1584 5881
3598 5313
1049 5539
