128
16
3 2
5514 1674
5635 9891
1291 9044
9459 3150
1139 750
1169 9980
7573 6216
6572 4386
9292 5155
9197 8830
4304 9577
6543 5930
3593 2266
8348 8085
9771 1040
9763 7668
8669 4119
9064 188
7123 2591
7433 53
8317 9977
3258 2504
8837 8689
9 9813
319 1832
5947 5038
3923 949
3946 9295
7962 1133
8727 2060
2103 7787
9007 2705
9938 6932
6537 6118
7397 1982
344 9638
9075 3770
9641 3608
117 1163
1104 514
5413 1160
8423 3899
9440 7744
7062 5804
6939 6735
7651 887
6596 5559
8786 7350
7579 4092
9016 1604
828 8856
241 1528
7886 3502
6570 960
35 6396
9105 7973
958 9489
8883 998
5138 936
821 9571
7811 8238
8701 2579
1122 9749
9333 4033
9485 9740
651 1343
9260 8565
5180 1188
152 7508
9224 1638
1200 8808
5718 1127
4669 2584
128 9086
4905 1697
9064 2546
9909 3450
8004 4114
6939 4533
722 58
5464 2143
158 1832
8938 590
6049 9543
9052 2426
7041 2088
5974 653
406 2938
2608 1771
6267 634
7711 3644
387 3164
6528 5378
4564 1137
8346 6548
8785 5425
452 1889
9512 4349
9774 7119
7149 9932
8379 1894
27 8518
8821 3228
5143 2041
6888 6211
2851 9324
8977 6
9502 9939
7238 7244
7752 2780
8445 5491
3262 2414
400 757
8099 6547
90 1746
6965 3585
7611 822
9132 4082
2184 7612
8702 9157
9755 5198
7305 2607
7777 7373
7939 3919
8849 1320
6678 5421
8890 7633
6381 9569
488 1535
1824 409
3582 3811
3657 2286
4557 106
4506 4012
6912 520
6873 3611
5574 4552
8279 9863
7359 9654
3257 8928
1424 9674
1679 8935
2615 6924
434 9195
