512
32
3 2
6065 5820
1169 9980
7573 6216
4422 9125
916 3752
525 5168
1084 3456
9292 5155
6482 7517
9197 8830
4304 9577
6543 5930
3593 2266
8348 8085
1796 2504
9771 1040
6304 6252
9763 7668
8669 4119
9064 188
7123 2591
7433 53
4315 8201
8317 9977
3258 2504
8837 8689
9 9813
319 1832
3923 949
3946 9295
1290 1403
7962 1133
8727 2060
9007 2705
4342 8645
9938 6932
3470 8835
6537 6118
7397 1982
1049 5539
344 9638
9075 3770
9641 3608
117 1163
964 3750
1104 514
5413 1160
8423 3899
4562 7953
3510 8834
9440 7744
1545 1588
7062 5804
6939 6735
7651 887
6596 5559
8786 7350
1235 7260
9016 1604
828 8856
241 1528
7886 3502
6570 960
35 6396
9105 7973
958 9489
8883 998
5138 936
821 9571
7811 8238
8701 2579
1122 9749
1113 3853
9333 4033
9485 9740
651 1343
9260 8565
152 7508
9224 1638
1200 8808
5718 1127
4956 8666
128 9086
9064 2546
9909 3450
4325 8280
8004 4114
832 1512
722 58
5464 2143
158 1832
8938 590
9052 2426
7041 2088
685 5050
5974 653
406 2938
2608 1771
6267 634
7711 3644
387 3164
6528 5378
8346 6548
8785 5425
452 1889
9512 4349
9774 7119
7149 9932
8379 1894
727 7144
27 8518
8821 3228
5967 7066
1146 5409
4920 8308
4844 9083
6888 6211
2851 9324
8977 6
9502 9939
7238 7244
7752 2780
1389 4649
8445 5491
3262 2414
400 757
1193 7461
8099 6547
90 1746
6965 3585
7611 822
9132 4082
2184 7612
8702 9157
9755 5198
7251 8270
7305 2607
7777 7373
4543 8540
1269 4681
8849 1320
1052 6797
6678 5421
8890 7633
320 9432
96 5763
8947 9883
7140 7956
475 6371
5507 6624
441 6455
9697 9246
444 1375
7022 2223
7564 2977
823 4262
6211 5363
317 8837
853 5733
3673 1124
659 508
333 2496
7758 1874
9240 3571
9926 9949
1876 2683
9481 420
5111 9433
6149 6498
3249 1245
9700 3978
9837 1983
9272 672
7018 6071
5590 207
6882 8031
4425 8817
7921 7616
7136 9707
4022 1419
9336 9999
6209 5511
470 8098
7988 3475
9767 4526
9106 166
8464 3130
9096 3937
7800 8041
7342 282
9528 6046
7753 9068
8698 5632
5419 5764
7434 4438
3777 1976
4530 9659
8595 9777
231 8751
745 893
9066 4786
1680 200
9405 4658
7690 7843
7216 5582
3020 841
1213 9453
9143 6818
9933 9766
3697 8561
6232 7381
7253 4871
9642 7025
5003 9316
986 9988
9043 1229
2564 43
6693 7381
9729 7699
1166 3824
4334 9663
1169 977
9749 9325
2037 7679
4460 8199
8847 8090
7172 1317
9798 653
7078 5280
9891 4102
423 1496
3750 9424
9619 339
4415 9441
659 2870
7708 8502
7245 4557
2973 9590
7141 8056
5700 6690
1713 2634
8117 4722
601 7451
1442 5153
8431 18
8889 7569
7242 845
8998 2146
7941 1989
472 9975
5091 9024
224 9048
3681 1858
7560 1924
4781 8337
7905 7736
9031 2369
9820 8327
2236 1143
4377 42
9616 9501
8022 2434
7935 5654
8903 6180
7460 5272
9368 6274
715 5213
7749 6246
8115 606
9669 5439
7486 251
2529 1225
7692 4342
5546 6512
1315 5383
8742 6226
8864 588
1121 3846
1480 7110
7269 2725
4906 474
753 5314
919 4806
5873 6141
7056 2385
4000 8702
2868 1293
9985 6267
3945 8153
9554 2344
4183 153
7622 4712
8955 2588
1210 7237
4949 3263
359 6484
4497 132
9272 803
9935 8138
9946 5772
3588 3115
546 9495
8221 4465
7894 4835
5549 1886
7673 1233
5992 1479
6464 228
4332 8791
6038 4295
9577 6242
410 9198
5374 9995
3626 1035
7606 4951
2290 742
609 4986
8071 1902
8807 2222
6367 7432
1622 8017
536 6070
7285 3868
5942 1627
5876 992
3109 2001
7450 1501
3475 9783
349 828
3362 1124
9080 3394
9607 3538
2417 9764
46 4542
8850 4106
2858 1801
422 2159
243 5869
3898 9647
5304 258
7802 7344
9726 1786
7405 8254
3629 710
8543 4941
7504 510
996 7847
6580 6984
1768 8032
7267 1204
1323 5277
9966 2430
1076 2067
4505 9590
8984 5327
8692 4831
7433 8282
9919 7048
1624 1874
9033 3522
7046 7398
6532 6815
6992 5120
1099 1494
1398 1527
7075 1582
9115 982
9608 9201
9202 5400
5793 6929
842 4712
9837 5119
5761 1697
9468 8313
3485 2535
7900 3674
9113 6022
9406 3705
9121 430
9977 4381
474 2955
5567 5751
100 2972
2324 502
1503 8691
6878 7432
5314 9299
9768 1391
2579 815
1336 4458
7259 6947
7957 9946
7242 6785
8394 1864
9717 7972
8633 5053
744 3612
6475 9819
897 125
3460 2248
126 8149
7055 2878
8725 3770
8196 9154
5802 1180
6505 693
7147 307
7532 1275
5129 9433
6626 6843
6636 341
5321 2815
7538 5928
1443 7155
1288 6484
2754 1251
8363 1868
8693 8355
3871 1684
3232 2842
9869 2504
8095 7601
9236 9494
1118 7682
7245 4961
4500 9689
920 5766
8312 1215
7404 616
932 6041
1479 9733
8307 6299
9081 672
9912 7792
8214 2471
1013 7381
1381 8266
2827 641
8564 9991
6347 6697
5543 9795
857 5482
1079 5401
1548 9141
4128 9874
1335 9547
2112 9749
1388 5072
9157 6171
5381 2093
8624 1531
5928 298
1264 4846
1657 8317
8843 8626
618 5517
2147 9785
715 6731
7277 4668
7355 3833
8749 3918
9345 7218
7564 4616
8641 6859
9906 2267
4096 854
7873 6081
9085 1680
8452 2042
7361 8410
2414 7167
7391 5727
436 6797
872 6495
8224 6126
1337 6142
3678 461
5493 2392
2254 627
7349 86
1298 311
9975 8647
6934 1821
782 3906
6878 7489
1029 1816
8782 269
8443 9421
25 5780
3941 9349
1402 8576
5908 1108
8618 8914
8312 8316
9079 333
713 6338
266 5850
1106 5649
9533 5447
2185 726
7612 7840
2986 2209
1033 7498
605 4807
3302 717
3268 686
8444 6524
8897 7756
4150 599
5848 783
7159 6553
7204 6334
1307 3814
488 1535
2547 3527
1139 750
1824 409
3582 3811
3733 4741
3657 2286
4333 711
4557 106
5514 1674
4506 4012
6912 520
6873 3611
5574 4552
9459 3150
4803 5925
7527 8785
8279 9863
7359 9654
5635 9891
4554 7428
3257 8928
1424 9674
1679 8935
1291 9044
2615 6924
434 9195
2045 6201
1654 6227
1519 6224
1584 5881
