4
64
3 2
1827 4808
7433 53
1743 4889
8317 9977
525 5168
3598 5313
916 3752
2340 4339
1307 3814
1084 3456
2287 4040
3733 4741
488 1535
2547 3527
3432 4374
1796 2504
1139 750
1489 771
3582 3811
1824 409
3593 2266
3657 2286
4010 2677
4333 711
4557 106
4506 4012
5514 1674
6912 520
5977 2664
9064 188
9771 1040
6873 3611
5574 4552
6572 4386
9459 3150
8669 4119
9292 5155
6543 5930
7573 6216
6065 5820
9763 7668
6304 6252
8348 8085
9197 8830
6482 7517
7527 8785
8279 9863
4803 5925
7359 9654
7019 9560
5635 9891
4554 7428
4422 9125
4304 9577
3257 8928
3483 8179
2803 8751
1424 9674
1169 9980
1679 8935
1291 9044
434 9195
2615 6924
2621 6916
2045 6201
1654 6227
1519 6224
1584 5881
