4
256
3 2
8099 6547
3997 2417
90 1746
7611 822
685 5050
1743 4889
1827 4808
1389 4649
2200 4333
3006 4563
2340 4339
1113 3853
1790 4073
916 3752
964 3750
3733 4741
1307 3814
1530 3848
2287 4040
387 3164
1084 3456
406 2938
3432 4374
3114 4173
1312 3044
158 1832
2547 3527
319 1832
2085 3143
452 1889
1232 2442
241 1528
626 1776
488 1535
117 1163
1796 2504
2536 3111
832 1512
651 1343
3910 4351
400 757
1290 1403
1545 1588
3582 3811
4065 4371
1891 1753
1139 750
722 58
1104 514
3139 3116
1612 993
1489 771
3728 3652
2608 1771
1824 409
3258 2504
3262 2414
4462 4616
4061 3681
3593 2266
3657 2286
3872 2724
3878 2662
4010 2677
4279 2925
3923 949
4088 1684
4506 4012
4291 2647
4345 2170
4333 711
4564 1137
4557 106
4669 2584
4905 1697
5138 936
4861 3566
5180 1188
5143 2041
5413 1160
5514 1674
5718 1127
5464 2143
5085 3680
5974 653
6267 634
6570 960
6912 520
5617 3335
5977 2664
7433 53
6126 2646
5183 4272
6484 2144
6615 1964
7651 887
5862 3441
4978 4700
6658 2532
7041 2088
7962 1133
8977 6
7397 1982
9064 188
8938 590
7123 2591
6669 3119
8883 998
8379 1894
9016 1604
9771 1040
9224 1638
7752 2780
8727 2060
6873 3611
8701 2579
9052 2426
5574 4552
9064 2546
9007 2705
7886 3502
7711 3644
8821 3228
9459 3150
6572 4386
7579 4092
8423 3899
9909 3450
9075 3770
9641 3608
8004 4114
6939 4533
8669 4119
9333 4033
9512 4349
5728 5000
5947 5038
9292 5155
5663 5139
8785 5425
8445 5491
6528 5378
6596 5559
7062 5804
9938 6932
7573 6216
8346 6548
9774 7119
6543 5930
6888 6211
9763 7668
6065 5820
8786 7350
6537 6118
9440 7744
9105 7973
6304 6252
6939 6735
9260 8565
8348 8085
9197 8830
7238 7244
8837 8689
9485 9740
7811 8238
9502 9939
7527 8785
8279 9863
6482 7517
8317 9977
7177 8479
6658 7956
7179 8900
5967 7066
7239 9038
7359 9654
7007 9189
7019 9560
7149 9932
6868 9562
6790 9431
5442 6745
5344 6592
6311 9446
6049 9543
5794 9173
5067 6691
5279 7618
5310 8005
5635 9891
4930 6653
4803 5925
4915 7491
4956 8666
4920 8308
4844 9083
4673 6930
4562 7953
4554 7428
4422 9125
4304 9577
4342 8645
4325 8280
4315 8201
4345 7454
4573 5753
3946 9295
4011 7784
3981 7749
3510 8834
3470 8835
3501 8375
3257 8928
3492 8288
3483 8179
2851 9324
2803 8751
2927 8317
3269 7541
2167 9355
3443 7043
4371 5573
4002 6054
1424 9674
1169 9980
1876 8797
1122 9749
1679 8935
958 9489
1291 9044
821 9571
1200 8808
344 9638
2103 7787
9 9813
828 8856
434 9195
2900 6755
2615 6924
2621 6916
128 9086
931 8320
2296 6912
27 8518
1193 7461
1235 7260
2697 6209
152 7508
727 7144
2045 6201
1654 6227
1519 6224
35 6396
1584 5881
3598 5313
1049 5539
1146 5409
3346 5147
525 5168
3295 5107
