64
16
3 2
5514 1674
5635 9891
1291 9044
9459 3150
1139 750
1169 9980
7573 6216
6572 4386
9292 5155
9197 8830
4304 9577
6543 5930
3593 2266
8348 8085
9771 1040
9763 7668
8669 4119
9064 188
7123 2591
7433 53
8317 9977
3258 2504
8837 8689
9 9813
319 1832
5947 5038
3923 949
3946 9295
7962 1133
8727 2060
2103 7787
9007 2705
9938 6932
6537 6118
7397 1982
344 9638
9075 3770
9641 3608
117 1163
1104 514
5413 1160
8423 3899
9440 7744
7062 5804
6939 6735
7651 887
6596 5559
8786 7350
7579 4092
9016 1604
828 8856
241 1528
7886 3502
6570 960
35 6396
9105 7973
958 9489
8883 998
5138 936
821 9571
7811 8238
8701 2579
1122 9749
9333 4033
488 1535
1824 409
3582 3811
3657 2286
4557 106
4506 4012
6912 520
6873 3611
5574 4552
8279 9863
7359 9654
3257 8928
1424 9674
1679 8935
2615 6924
434 9195
