512
256
3 2
8099 6547
3997 2417
90 1746
7611 822
1988 7478
9755 5198
7777 7373
4543 8540
7939 3919
1269 4681
8849 1320
1052 6797
6678 5421
6812 1020
6381 9569
320 9432
96 5763
8947 9883
475 6371
2091 8751
441 6455
9697 9246
444 1375
823 4262
1341 7705
317 8837
853 5733
3673 1124
659 508
333 2496
3908 2068
9240 3571
9926 9949
5096 1771
9481 420
5111 9433
3249 1245
9700 3978
9837 1983
9272 672
1129 8289
5590 207
2506 7135
7136 9707
9336 9999
470 8098
7988 3475
9767 4526
9106 166
8464 3130
9096 3937
7342 282
1524 4820
3630 6625
9528 6046
7753 9068
8698 5632
3777 1976
3155 5169
3033 3138
4530 9659
8595 9777
4636 1647
231 8751
745 893
9066 4786
1680 200
9405 4658
7216 5582
3020 841
1869 1070
1213 9453
2444 9221
4978 1395
4066 1940
9143 6818
9933 9766
3697 8561
7253 4871
9642 7025
5003 9316
986 9988
1625 3404
1330 2573
9043 1229
2564 43
9729 7699
4771 534
4632 7438
4334 9663
1169 977
9749 9325
8847 8090
7172 1317
9798 653
9891 4102
423 1496
3750 9424
9619 339
4415 9441
659 2870
2973 9590
1494 7700
5403 6744
8117 4722
6561 9012
601 7451
1899 6622
8431 18
6770 888
5927 8167
7242 845
8998 2146
472 9975
3920 2594
5091 9024
224 9048
3681 1858
2522 8165
4781 8337
9031 2369
9820 8327
2236 1143
4377 42
9616 9501
7316 8824
7935 5654
5446 9042
8903 6180
7460 5272
9368 6274
715 5213
8115 606
9669 5439
7486 251
2529 1225
7692 4342
1315 5383
8742 6226
5188 7994
1121 3846
1612 1646
4906 474
753 5314
919 4806
2868 1293
9985 6267
3945 8153
9554 2344
4183 153
7622 4712
8955 2588
1210 7237
5661 9626
4901 6951
1747 3886
5881 9417
359 6484
4497 132
9272 803
9935 8138
9946 5772
4106 2240
1591 645
546 9495
1476 4835
2165 8837
7894 4835
5549 1886
7673 1233
2306 3696
6511 9131
6464 228
4332 8791
2024 7451
9577 6242
410 9198
5374 9995
3626 1035
7606 4951
2290 742
609 4986
1592 3846
8807 2222
6866 9622
1622 8017
536 6070
3109 2001
7450 1501
3475 9783
349 828
2063 9250
3362 1124
9080 3394
9607 3538
2417 9764
46 4542
2370 2129
2858 1801
422 2159
243 5869
3898 9647
5304 258
1862 1041
7802 7344
9726 1786
3629 710
8543 4941
7504 510
996 7847
7267 1204
1323 5277
9966 2430
4505 9590
8984 5327
6240 9787
8692 4831
9919 7048
9033 3522
1557 5120
1099 1494
9115 982
9608 9201
9202 5400
842 4712
9837 5119
9468 8313
3485 2535
1773 5736
9113 6022
9406 3705
9121 430
9977 4381
474 2955
100 2972
2347 9278
2324 502
5314 9299
9768 1391
2579 815
1336 4458
7259 6947
7957 9946
9717 7972
8633 5053
744 3612
6475 9819
897 125
3460 2248
126 8149
8725 3770
5802 1180
6505 693
7147 307
7532 1275
5129 9433
7033 9394
4743 1887
6636 341
5321 2815
7538 5928
1734 3986
7138 9648
1288 6484
2754 1251
8693 8355
3871 1684
3232 2842
9869 2504
8095 7601
7354 9248
7245 4961
4500 9689
920 5766
5085 7565
7404 616
932 6041
4703 1257
1479 9733
7581 9508
9081 672
7368 9366
9912 7792
1013 7381
1695 5626
2827 641
7199 8586
8564 9991
5543 9795
857 5482
1079 5401
4128 9874
2463 5461
1335 9547
2112 9749
1388 5072
9157 6171
8624 1531
6937 8331
5928 298
1264 4846
8843 8626
618 5517
2147 9785
715 6731
8749 3918
5070 7684
9345 7218
8641 6859
9906 2267
4096 854
7873 6081
4670 1374
2414 7167
7391 5727
436 6797
872 6495
8224 6126
3862 6326
3678 461
5221 1623
2254 627
4700 7740
7349 86
1298 311
2449 8991
9975 8647
782 3906
1029 1816
8189 9776
8782 269
8443 9421
3963 2352
25 5780
3941 9349
9079 333
713 6338
266 5850
1106 5649
3950 1698
9533 5447
2185 726
1033 7498
605 4807
3302 717
3268 686
8444 6524
4150 599
5848 783
7204 6334
6018 8507
6955 1293
7055 9870
5021 7305
9873 6981
693 5776
8406 2621
510 2339
9954 7179
570 2068
1101 3866
6272 9293
530 9913
7273 1259
9403 2255
8674 6012
6521 5150
1858 424
8482 6340
9202 1929
4288 4264
7311 3515
4678 8047
3279 2009
2223 1213
7292 1438
1063 9011
8882 4757
8335 3673
8094 430
9376 6044
2126 1412
1077 5067
8612 6730
6708 9419
5194 1215
8476 5644
2102 9032
9630 2981
2114 7088
4653 1292
9024 4496
8740 1530
8234 2762
9696 9513
9914 5531
9234 674
464 1330
744 9449
9373 6825
8938 4745
4949 7912
1195 981
7609 3342
5573 9939
2353 5121
6070 8437
9202 1739
4061 2308
1586 829
9464 5123
5055 8148
379 1475
3524 9557
5781 797
828 4609
8108 9789
7710 4681
8793 133
2194 4333
6563 838
9343 9204
9064 4728
1204 6329
9008 4582
1584 6453
9139 5990
9870 8341
659 742
2440 9932
4902 9727
5511 8311
8025 9222
272 6035
6824 9563
5040 436
9779 7775
4350 9477
9463 3728
841 9560
7871 2793
8589 6229
517 9380
310 7225
8221 7726
1020 2262
9189 5325
8734 5608
8950 5804
4331 9995
7932 3150
9143 4890
8011 5194
7861 5714
9183 4480
4715 1996
9395 8899
4758 689
4712 1294
5674 7247
3505 3310
9208 4450
9614 3920
3972 831
8700 3697
3814 860
1641 6771
1647 2252
84 9016
969 1465
9406 3804
2880 595
613 151
4888 9305
9875 1758
7444 8901
3159 1845
3050 230
9302 3164
7007 8442
6567 1562
7822 5301
4064 111
4947 9543
9386 187
3871 1017
1936 7625
9924 6121
9761 1341
8653 5927
1279 9243
1838 1011
8972 8281
3312 9383
8792 2455
9554 8008
7298 911
8409 6806
7484 9239
945 9155
7575 5049
356 6487
4169 49
3570 9475
6941 5644
1044 8866
987 1130
7734 519
6887 6135
2178 5697
8802 6439
8664 2086
685 5050
1743 4889
1827 4808
1389 4649
2200 4333
3006 4563
2340 4339
1113 3853
1790 4073
916 3752
964 3750
3733 4741
1307 3814
1530 3848
2287 4040
387 3164
1084 3456
406 2938
3432 4374
3114 4173
1312 3044
158 1832
2547 3527
319 1832
2085 3143
452 1889
1232 2442
241 1528
626 1776
488 1535
117 1163
1796 2504
2536 3111
832 1512
651 1343
3910 4351
400 757
1290 1403
1545 1588
3582 3811
4065 4371
1891 1753
1139 750
722 58
1104 514
3139 3116
1612 993
1489 771
3728 3652
2608 1771
1824 409
3258 2504
3262 2414
4462 4616
4061 3681
3593 2266
3657 2286
3872 2724
3878 2662
4010 2677
4279 2925
3923 949
4088 1684
4506 4012
4291 2647
4345 2170
4333 711
4564 1137
4557 106
4669 2584
4905 1697
5138 936
4861 3566
5180 1188
5143 2041
5413 1160
5514 1674
5718 1127
5464 2143
5085 3680
5974 653
6267 634
6570 960
6912 520
5617 3335
5977 2664
7433 53
6126 2646
5183 4272
6484 2144
6615 1964
7651 887
5862 3441
4978 4700
6658 2532
7041 2088
7962 1133
8977 6
7397 1982
9064 188
8938 590
7123 2591
6669 3119
8883 998
8379 1894
9016 1604
9771 1040
9224 1638
7752 2780
8727 2060
6873 3611
8701 2579
9052 2426
5574 4552
9064 2546
9007 2705
7886 3502
7711 3644
8821 3228
9459 3150
6572 4386
7579 4092
8423 3899
9909 3450
9075 3770
9641 3608
8004 4114
6939 4533
8669 4119
9333 4033
9512 4349
5728 5000
5947 5038
9292 5155
5663 5139
8785 5425
8445 5491
6528 5378
6596 5559
7062 5804
9938 6932
7573 6216
8346 6548
9774 7119
6543 5930
6888 6211
9763 7668
6065 5820
8786 7350
6537 6118
9440 7744
9105 7973
6304 6252
6939 6735
9260 8565
8348 8085
9197 8830
7238 7244
8837 8689
9485 9740
7811 8238
9502 9939
7527 8785
8279 9863
6482 7517
8317 9977
7177 8479
6658 7956
7179 8900
5967 7066
7239 9038
7359 9654
7007 9189
7019 9560
7149 9932
6868 9562
6790 9431
5442 6745
5344 6592
6311 9446
6049 9543
5794 9173
5067 6691
5279 7618
5310 8005
5635 9891
4930 6653
4803 5925
4915 7491
4956 8666
4920 8308
4844 9083
4673 6930
4562 7953
4554 7428
4422 9125
4304 9577
4342 8645
4325 8280
4315 8201
4345 7454
4573 5753
3946 9295
4011 7784
3981 7749
3510 8834
3470 8835
3501 8375
3257 8928
3492 8288
3483 8179
2851 9324
2803 8751
2927 8317
3269 7541
2167 9355
3443 7043
4371 5573
4002 6054
1424 9674
1169 9980
1876 8797
1122 9749
1679 8935
958 9489
1291 9044
821 9571
1200 8808
344 9638
2103 7787
9 9813
828 8856
434 9195
2900 6755
2615 6924
2621 6916
128 9086
931 8320
2296 6912
27 8518
1193 7461
1235 7260
2697 6209
152 7508
727 7144
2045 6201
1654 6227
1519 6224
35 6396
1584 5881
3598 5313
1049 5539
1146 5409
3346 5147
525 5168
3295 5107
