128
64
3 2
1827 4808
7433 53
1743 4889
8317 9977
8837 8689
9 9813
319 1832
3923 949
1290 1403
8727 2060
9007 2705
9938 6932
1049 5539
344 9638
9075 3770
9641 3608
117 1163
964 3750
1104 514
5413 1160
4562 7953
2167 9355
9440 7744
7062 5804
6939 6735
7651 887
1790 4073
3139 3116
8786 7350
2296 6912
1235 7260
241 1528
7886 3502
35 6396
9105 7973
958 9489
5138 936
821 9571
7811 8238
8701 2579
931 8320
1312 3044
1122 9749
6615 1964
9333 4033
9485 9740
651 1343
9260 8565
6484 2144
5180 1188
152 7508
9224 1638
5718 1127
4669 2584
7179 8900
4956 8666
128 9086
4905 1697
9064 2546
9909 3450
832 1512
722 58
7239 9038
158 1832
1232 2442
9052 2426
685 5050
5974 653
4088 1684
406 2938
5442 6745
6267 634
7711 3644
387 3164
4564 1137
8346 6548
8785 5425
452 1889
9512 4349
626 1776
9774 7119
7149 9932
3114 4173
727 7144
27 8518
8821 3228
5143 2041
4920 8308
5344 6592
4844 9083
2085 3143
6888 6211
2851 9324
8977 6
9502 9939
1389 4649
8445 5491
400 757
1193 7461
8099 6547
3997 2417
90 1746
6965 3585
7611 822
9132 4082
1988 7478
8702 9157
9755 5198
7251 8270
6991 8976
7777 7373
4543 8540
1269 4681
1052 6797
8890 7633
6812 1020
320 9432
6232 7814
96 5763
6865 8818
8947 9883
7140 7956
475 6371
441 6455
9697 9246
444 1375
823 4262
6906 4133
525 5168
3598 5313
916 3752
2340 4339
1307 3814
1084 3456
2287 4040
3733 4741
488 1535
2547 3527
3432 4374
1796 2504
1139 750
1489 771
3582 3811
1824 409
3593 2266
3657 2286
4010 2677
4333 711
4557 106
4506 4012
5514 1674
6912 520
5977 2664
9064 188
9771 1040
6873 3611
5574 4552
6572 4386
9459 3150
8669 4119
9292 5155
6543 5930
7573 6216
6065 5820
9763 7668
6304 6252
8348 8085
9197 8830
6482 7517
7527 8785
8279 9863
4803 5925
7359 9654
7019 9560
5635 9891
4554 7428
4422 9125
4304 9577
3257 8928
3483 8179
2803 8751
1424 9674
1169 9980
1679 8935
1291 9044
434 9195
2615 6924
2621 6916
2045 6201
1654 6227
1519 6224
1584 5881
