8
512
3 2
2361 6717
2529 1225
7692 4342
1315 5383
8742 6226
5188 7994
8864 588
1121 3846
715 5213
525 5168
1442 5153
685 5050
3155 5169
3346 5147
1669 4941
3295 5107
2718 5039
1743 4889
1524 4820
1827 4808
1269 4681
2939 4952
1389 4649
3180 4853
823 4262
2073 4494
3986 5016
2200 4333
2340 4339
1113 3853
3006 4563
1402 3954
916 3752
1790 4073
964 3750
1166 3824
1307 3814
1530 3848
3733 4741
387 3164
2287 4040
1084 3456
3792 4720
406 2938
659 2870
1625 3404
3335 4375
333 2496
3432 4374
3595 4471
3114 4173
1312 3044
3457 4335
878 2485
158 1832
90 1746
2503 3505
2547 3527
319 1832
3090 3912
1330 2573
2085 3143
452 1889
1232 2442
3841 4451
241 1528
626 1776
1713 2634
423 1496
488 1535
1876 2683
117 1163
444 1375
1796 2504
2536 3111
832 1512
651 1343
3910 4351
400 757
745 893
2267 2471
1290 1403
4065 4371
1545 1588
3582 3811
659 508
3033 3138
1169 977
1891 1753
1139 750
3139 3116
722 58
1104 514
1612 993
1489 771
1869 1070
3728 3652
4634 4891
4462 4616
2608 1771
2236 1143
1680 200
1824 409
3258 2504
3262 2414
4246 4050
4061 3681
2564 43
3593 2266
3683 2441
3020 841
4051 3266
3657 2286
3249 1245
3872 2724
3929 2847
3878 2662
3920 2594
3681 1858
4010 2677
3777 1976
3997 2417
4506 4012
3908 2068
3673 1124
4279 2925
4066 1940
4291 2647
4022 1419
4088 1684
3923 949
4352 2330
4345 2170
4333 711
4377 42
4669 2584
4564 1137
4636 1647
4557 106
4771 534
4861 3566
4905 1697
4978 1395
5138 936
5096 1771
5180 1188
5143 2041
5023 4118
5085 3680
5413 1160
5590 207
4978 4700
5514 1674
5464 2143
5325 2979
5718 1127
5974 653
5183 4272
6267 634
5617 3335
6570 960
5977 2664
6912 520
6770 888
6812 1020
6043 2749
6126 2646
6684 1527
7433 53
7342 282
6484 2144
6325 2492
7486 251
6615 1964
5862 3441
7242 845
7172 1317
7611 822
7651 887
6658 2532
6284 3122
8431 18
7041 2088
8115 606
7022 2223
7962 1133
7397 1982
8977 6
7560 1924
9064 188
6669 3119
9106 166
7123 2591
7758 1874
8938 590
5813 4232
7305 2607
7941 1989
8883 998
5574 4552
9481 420
9272 672
9619 339
5576 4581
8849 1320
9043 1229
8379 1894
9798 653
8022 2434
9016 1604
7752 2780
9771 1040
7564 2977
6873 3611
9224 1638
8727 2060
6965 3585
8998 2146
8701 2579
9031 2369
9052 2426
9837 1983
9064 2546
9007 2705
8464 3130
7886 3502
7988 3475
7711 3644
6906 4133
6211 4558
6572 4386
8821 3228
9459 3150
7939 3919
7579 4092
7619 4198
9240 3571
8423 3899
8004 4114
9909 3450
6939 4533
9075 3770
9641 3608
5728 5000
7434 4438
9096 3937
8669 4119
7245 4557
9132 4082
9333 4033
9700 3978
9891 4102
5947 5038
9512 4349
5663 5139
8117 4722
7253 4871
9767 4526
9405 4658
9066 4786
5502 5238
5460 5260
9292 5155
9755 5198
7460 5272
7078 5280
9669 5439
8785 5425
8445 5491
6528 5378
6211 5363
6678 5421
8698 5632
7935 5654
7216 5582
6596 5559
9528 6046
6209 5511
9368 6274
8903 6180
7062 5804
9938 6932
7749 6246
7573 6216
9143 6818
9642 7025
8346 6548
7018 6071
9774 7119
6543 5930
8099 6547
6065 5820
6888 6211
9763 7668
9729 7699
6537 6118
8786 7350
9440 7744
5355 5529
8889 7569
8890 7633
9820 8327
9105 7973
6304 6252
8847 8090
6939 6735
7777 7373
9260 8565
7921 7616
8348 8085
7905 7736
9197 8830
9697 9246
9749 9325
7238 7244
8837 8689
9933 9766
9616 9501
7690 7843
9926 9949
5419 5764
7800 8041
9485 9740
6149 6498
9502 9939
7811 8238
8702 9157
9336 9999
8947 9883
7708 8502
6693 7381
7140 7956
8595 9777
7141 8056
7251 8270
7753 9068
7527 8785
8279 9863
8317 9977
6882 8031
7177 8479
6482 7517
7316 8824
6658 7956
6658 8004
6232 7381
7179 8900
7239 9038
6565 8056
5967 7066
5700 6690
6991 8976
7359 9654
6865 8818
6971 9017
7007 9189
6232 7814
7136 9707
7019 9560
7149 9932
5934 7532
6868 9562
6790 9431
5507 6624
6561 9012
5442 6745
5927 8167
6381 9569
5403 6744
5344 6592
6311 9446
6049 9543
5794 9173
5688 8728
5568 8318
5279 7618
5635 9891
5310 8005
5446 9042
5067 6691
4982 6594
5091 9024
5111 9433
5003 9316
4930 6653
4956 8666
4915 7491
4920 8308
4892 6389
4844 9083
4781 8337
4530 9659
4728 7195
4719 7178
4543 8540
4415 9441
4632 7438
4422 9125
4562 7953
4334 9663
4425 8817
4673 6930
4304 9577
4803 5925
4460 8199
4569 7385
4554 7428
4342 8645
4325 8280
4315 8201
4499 7206
3946 9295
4526 6798
4345 7454
4479 6807
3750 9424
4136 7827
4011 7784
3697 8561
3981 7749
3995 7613
3510 8834
3470 8835
3993 7483
2973 9590
3257 8928
3501 8375
3492 8288
3613 7999
3483 8179
2851 9324
3545 7933
3073 8494
2803 8751
2885 8548
2444 9221
2881 8486
2927 8317
3467 7449
2167 9355
4573 5753
3269 7541
3826 6730
1424 9674
1169 9980
2091 8751
2522 8165
3443 7043
1880 8922
986 9988
1958 8779
1122 9749
1876 8797
1679 8935
1213 9453
2704 7657
958 9489
3388 6883
3630 6625
472 9975
821 9571
1291 9044
2068 8229
1633 8617
3241 6965
2068 8042
344 9638
1200 8808
9 9813
320 9432
3788 6275
2103 7787
828 8856
434 9195
4002 6054
2184 7612
2037 7679
224 9048
1129 8289
128 9086
317 8837
2506 7135
931 8320
1988 7478
231 8751
2900 6755
2615 6924
2621 6916
1494 7700
1341 7705
27 8518
470 8098
2296 6912
1644 7213
3185 6291
1193 7461
1729 7102
4371 5573
3727 5912
1235 7260
601 7451
152 7508
1899 6622
727 7144
2697 6209
1052 6797
2045 6201
1654 6227
1519 6224
441 6455
475 6371
35 6396
1584 5881
853 5733
96 5763
1049 5539
1146 5409
3598 5313
4135 5296
4397 5280
