64
8
3 2
8279 9863
434 9195
3257 8928
6873 3611
7359 9654
4557 106
5574 4552
5635 9891
4333 711
7527 8785
1291 9044
4803 5925
9459 3150
1139 750
4554 7428
5977 2664
6065 5820
1169 9980
2803 8751
7573 6216
4422 9125
525 5168
6572 4386
9292 5155
3483 8179
6482 7517
9197 8830
4304 9577
7019 9560
6543 5930
8348 8085
9771 1040
6304 6252
9763 7668
8669 4119
9064 188
1876 8797
4371 5573
7123 2591
7433 53
4315 8201
2927 8317
8317 9977
6126 2646
8837 8689
9 9813
5310 8005
319 1832
5947 5038
3923 949
3946 9295
7962 1133
8727 2060
9007 2705
4342 8645
9938 6932
3470 8835
6537 6118
7177 8479
7397 1982
4061 3681
344 9638
9075 3770
9641 3608
488 1535
1824 409
3657 2286
6912 520
3582 3811
4506 4012
1679 8935
1424 9674
