512
16
3 2
5514 1674
5635 9891
1291 9044
9459 3150
1139 750
1169 9980
7573 6216
6572 4386
9292 5155
9197 8830
4304 9577
6543 5930
3593 2266
8348 8085
9771 1040
9763 7668
8669 4119
9064 188
7123 2591
7433 53
8317 9977
3258 2504
8837 8689
9 9813
319 1832
5947 5038
3923 949
3946 9295
7962 1133
8727 2060
2103 7787
9007 2705
9938 6932
6537 6118
7397 1982
344 9638
9075 3770
9641 3608
117 1163
1104 514
5413 1160
8423 3899
9440 7744
7062 5804
6939 6735
7651 887
6596 5559
8786 7350
7579 4092
9016 1604
828 8856
241 1528
7886 3502
6570 960
35 6396
9105 7973
958 9489
8883 998
5138 936
821 9571
7811 8238
8701 2579
1122 9749
9333 4033
9485 9740
651 1343
9260 8565
5180 1188
152 7508
9224 1638
1200 8808
5718 1127
4669 2584
128 9086
4905 1697
9064 2546
9909 3450
8004 4114
6939 4533
722 58
5464 2143
158 1832
8938 590
6049 9543
9052 2426
7041 2088
5974 653
406 2938
2608 1771
6267 634
7711 3644
387 3164
6528 5378
4564 1137
8346 6548
8785 5425
452 1889
9512 4349
9774 7119
7149 9932
8379 1894
27 8518
8821 3228
5143 2041
6888 6211
2851 9324
8977 6
9502 9939
7238 7244
7752 2780
8445 5491
3262 2414
400 757
8099 6547
90 1746
6965 3585
7611 822
9132 4082
2184 7612
8702 9157
9755 5198
7305 2607
7777 7373
7939 3919
8849 1320
6678 5421
8890 7633
6381 9569
320 9432
96 5763
8947 9883
441 6455
9697 9246
444 1375
7022 2223
7564 2977
6211 5363
6211 4558
6906 4133
317 8837
3673 1124
659 508
333 2496
7758 1874
9240 3571
7619 4198
9926 9949
5096 1771
9481 420
5111 9433
3249 1245
9700 3978
9837 1983
9272 672
7018 6071
5590 207
2506 7135
7921 7616
7136 9707
9336 9999
6209 5511
7988 3475
9767 4526
9106 166
8464 3130
9096 3937
7800 8041
7342 282
9528 6046
8698 5632
7434 4438
3777 1976
4530 9659
8595 9777
4636 1647
231 8751
745 893
9066 4786
2068 8042
1680 200
9405 4658
7690 7843
7216 5582
3020 841
1213 9453
4978 1395
9143 6818
9933 9766
7253 4871
9642 7025
5003 9316
986 9988
9043 1229
2564 43
9729 7699
4771 534
4334 9663
9749 9325
2037 7679
8847 8090
7172 1317
9798 653
7078 5280
9891 4102
423 1496
3750 9424
9619 339
4415 9441
7708 8502
7245 4557
2973 9590
8117 4722
8431 18
8889 7569
7242 845
8998 2146
7941 1989
472 9975
224 9048
3681 1858
7560 1924
7905 7736
9031 2369
9820 8327
2236 1143
4377 42
9616 9501
8022 2434
7935 5654
8903 6180
7460 5272
9368 6274
7749 6246
8115 606
9669 5439
1633 8617
7486 251
2529 1225
7692 4342
8742 6226
8864 588
7269 2725
4906 474
7056 2385
2868 1293
9985 6267
9554 2344
4183 153
7622 4712
8955 2588
5661 9626
4949 3263
5881 9417
359 6484
4497 132
9272 803
9935 8138
9946 5772
3588 3115
546 9495
8221 4465
7894 4835
5549 1886
7673 1233
5992 1479
6464 228
6038 4295
9577 6242
410 9198
5374 9995
3626 1035
7606 4951
2290 742
8071 1902
8807 2222
6866 9622
1622 8017
6686 4583
7285 3868
5942 1627
5876 992
6523 4520
3109 2001
7450 1501
3475 9783
349 828
3362 1124
9080 3394
9607 3538
2417 9764
46 4542
8850 4106
2858 1801
422 2159
243 5869
3898 9647
5304 258
7802 7344
9726 1786
3629 710
8543 4941
7504 510
1768 8032
7267 1204
9966 2430
4505 9590
8984 5327
6240 9787
8692 4831
9919 7048
9033 3522
7046 7398
6992 5120
7075 1582
9115 982
9608 9201
9202 5400
9837 5119
5761 1697
9468 8313
3485 2535
7900 3674
9113 6022
9406 3705
9121 430
9977 4381
474 2955
100 2972
2324 502
1503 8691
6062 5105
5314 9299
9768 1391
2579 815
7259 6947
7957 9946
7242 6785
8394 1864
9717 7972
8633 5053
6475 9819
897 125
3460 2248
5375 1965
126 8149
7055 2878
8725 3770
8196 9154
5802 1180
6505 693
7147 307
7532 1275
5129 9433
4743 1887
6636 341
5321 2815
7538 5928
7138 9648
2754 1251
8363 1868
8693 8355
3871 1684
3232 2842
9869 2504
8095 7601
9236 9494
2473 7205
7245 4961
4500 9689
8312 1215
7404 616
4703 1257
1479 9733
8307 6299
9081 672
9912 7792
8214 2471
1381 8266
2827 641
8564 9991
6108 4634
5543 9795
1548 9141
6333 4655
4128 9874
1335 9547
2112 9749
9157 6171
5381 2093
8624 1531
5928 298
5940 5060
1657 8317
8843 8626
2147 9785
7277 4668
7355 3833
8749 3918
9345 7218
7564 4616
8641 6859
9906 2267
4096 854
7873 6081
9085 1680
8452 2042
4670 1374
2414 7167
7391 5727
436 6797
8224 6126
3678 461
5221 1623
5493 2392
2254 627
7349 86
1298 311
9975 8647
6934 1821
4934 1996
8782 269
8443 9421
25 5780
3941 9349
1402 8576
5908 1108
8618 8914
8312 8316
9079 333
266 5850
9533 5447
2185 726
7612 7840
2986 2209
3302 717
3268 686
8444 6524
8897 7756
4150 599
5848 783
7159 6553
7204 6334
8129 8151
6955 1293
7055 9870
9873 6981
7126 4498
6655 5952
8406 2621
9954 7179
530 9913
7273 1259
9403 2255
8674 6012
6521 5150
1858 424
8482 6340
9202 1929
7311 3515
3279 2009
7406 2828
7292 1438
1063 9011
8882 4757
4914 2580
8335 3673
8094 430
9376 6044
8612 6730
5194 1215
7372 7632
8476 5644
9630 2981
8238 907
4653 1292
9024 4496
8740 1530
8234 2762
9696 9513
9914 5531
9234 674
464 1330
744 9449
9373 6825
8938 4745
7609 3342
5573 9939
9202 1739
7642 2007
6850 4067
9464 5123
3110 2610
8163 8433
7648 8171
379 1475
7491 3944
3524 9557
5781 797
7710 4681
8793 133
5995 741
6563 838
9343 9204
9064 4728
8261 7378
9008 4582
6114 5555
9139 5990
9870 8341
659 742
8508 7487
2440 9932
488 1535
1824 409
3582 3811
3657 2286
4557 106
4506 4012
6912 520
6873 3611
5574 4552
8279 9863
7359 9654
3257 8928
1424 9674
1679 8935
2615 6924
434 9195
