32
32
3 2
6065 5820
1169 9980
7573 6216
4422 9125
916 3752
525 5168
1084 3456
9292 5155
6482 7517
9197 8830
4304 9577
6543 5930
3593 2266
8348 8085
1796 2504
9771 1040
6304 6252
9763 7668
8669 4119
9064 188
7123 2591
7433 53
4315 8201
8317 9977
3258 2504
8837 8689
9 9813
319 1832
3923 949
3946 9295
1290 1403
7962 1133
1307 3814
488 1535
2547 3527
1139 750
1824 409
3582 3811
3733 4741
3657 2286
4333 711
4557 106
5514 1674
4506 4012
6912 520
6873 3611
5574 4552
9459 3150
4803 5925
7527 8785
8279 9863
7359 9654
5635 9891
4554 7428
3257 8928
1424 9674
1679 8935
1291 9044
2615 6924
434 9195
2045 6201
1654 6227
1519 6224
1584 5881
