256
128
3 2
35 6396
9105 7973
958 9489
8883 998
821 9571
7811 8238
8701 2579
931 8320
1312 3044
1122 9749
1113 3853
6615 1964
9333 4033
9485 9740
651 1343
6868 9562
9260 8565
6484 2144
152 7508
9224 1638
5718 1127
7179 8900
4956 8666
128 9086
2200 4333
9064 2546
9909 3450
832 1512
722 58
7239 9038
158 1832
1232 2442
8938 590
6049 9543
9052 2426
685 5050
5974 653
5794 9173
3878 2662
406 2938
6267 634
387 3164
8346 6548
8785 5425
452 1889
9512 4349
9774 7119
7149 9932
8379 1894
6311 9446
3114 4173
727 7144
27 8518
5067 6691
4844 9083
2085 3143
6888 6211
2851 9324
8977 6
9502 9939
5279 7618
1389 4649
8445 5491
3262 2414
400 757
1193 7461
6790 9431
8099 6547
90 1746
6965 3585
7611 822
9132 4082
1988 7478
8702 9157
9755 5198
7251 8270
7305 2607
7777 7373
4543 8540
7939 3919
1269 4681
8849 1320
1052 6797
8890 7633
6381 9569
320 9432
96 5763
8947 9883
7140 7956
475 6371
441 6455
9697 9246
444 1375
823 4262
3467 7449
1341 7705
317 8837
853 5733
3673 1124
659 508
333 2496
3908 2068
7758 1874
9240 3571
9926 9949
9481 420
5111 9433
3249 1245
9700 3978
1669 4941
9837 1983
9272 672
5688 8728
7018 6071
1129 8289
5590 207
1729 7102
7921 7616
7136 9707
9336 9999
470 8098
9767 4526
9106 166
1402 3954
9096 3937
7342 282
1524 4820
9528 6046
7753 9068
8698 5632
3777 1976
3545 7933
4530 9659
8595 9777
231 8751
2073 4494
745 893
9066 4786
1680 200
9405 4658
7216 5582
3020 841
1869 1070
1213 9453
878 2485
2444 9221
9143 6818
9933 9766
3697 8561
7253 4871
9642 7025
5003 9316
986 9988
1625 3404
1330 2573
9043 1229
2564 43
9729 7699
1166 3824
4334 9663
3683 2441
1169 977
2718 5039
9749 9325
4982 6594
8847 8090
7172 1317
9798 653
9891 4102
423 1496
3750 9424
9619 339
4415 9441
659 2870
7708 8502
2973 9590
7141 8056
1494 7700
8117 4722
6561 9012
601 7451
8431 18
8889 7569
3073 8494
5927 8167
7242 845
3335 4375
8998 2146
7941 1989
472 9975
3920 2594
5091 9024
224 9048
6684 1527
3681 1858
9031 2369
9820 8327
5568 8318
4377 42
9616 9501
7316 8824
7935 5654
8903 6180
9368 6274
3826 6730
8115 606
9669 5439
1644 7213
7486 251
2529 1225
8742 6226
8864 588
1121 3846
7269 2725
4906 474
919 4806
6751 9272
2950 2785
2868 1293
9985 6267
3945 8153
9554 2344
4183 153
7622 4712
8955 2588
1210 7237
5661 9626
6248 9370
5881 9417
359 6484
4497 132
9272 803
9935 8138
9946 5772
1591 645
1476 4835
5994 8697
8221 4465
2695 4210
7894 4835
2306 3696
6511 9131
6464 228
4332 8791
2024 7451
6038 4295
9577 6242
410 9198
5374 9995
3626 1035
7606 4951
6689 1911
2290 742
609 4986
8071 1902
8807 2222
525 5168
3295 5107
1743 4889
1827 4808
2340 4339
916 3752
964 3750
1790 4073
3006 4563
1307 3814
1084 3456
2287 4040
3733 4741
3432 4374
319 1832
2547 3527
241 1528
488 1535
117 1163
1796 2504
1290 1403
1545 1588
1139 750
1104 514
1612 993
1489 771
3582 3811
3139 3116
1824 409
3258 2504
3593 2266
4061 3681
3657 2286
3872 2724
4010 2677
3923 949
4333 711
4506 4012
4557 106
5413 1160
5514 1674
6912 520
7433 53
5977 2664
6126 2646
7651 887
7962 1133
7397 1982
9064 188
7123 2591
6669 3119
9016 1604
9771 1040
8727 2060
6873 3611
5574 4552
9007 2705
9459 3150
6572 4386
7579 4092
8423 3899
9075 3770
9641 3608
8669 4119
5947 5038
9292 5155
6596 5559
7062 5804
9938 6932
7573 6216
6543 5930
6065 5820
6537 6118
9763 7668
8786 7350
9440 7744
6304 6252
6939 6735
8348 8085
9197 8830
8837 8689
6482 7517
7527 8785
7177 8479
8279 9863
8317 9977
6658 7956
7359 9654
7019 9560
4803 5925
5310 8005
5635 9891
4562 7953
4554 7428
4422 9125
4304 9577
4342 8645
4315 8201
3946 9295
3981 7749
3510 8834
3470 8835
3257 8928
3483 8179
4371 5573
2803 8751
2927 8317
2167 9355
1424 9674
1169 9980
1876 8797
1679 8935
1291 9044
344 9638
2103 7787
9 9813
828 8856
434 9195
2615 6924
2621 6916
2296 6912
1235 7260
2045 6201
1654 6227
1519 6224
1584 5881
3598 5313
1049 5539
