512
8
3 2
8279 9863
434 9195
3257 8928
6873 3611
7359 9654
4557 106
5574 4552
5635 9891
4333 711
7527 8785
1291 9044
4803 5925
9459 3150
1139 750
4554 7428
5977 2664
6065 5820
1169 9980
2803 8751
7573 6216
4422 9125
525 5168
6572 4386
9292 5155
3483 8179
6482 7517
9197 8830
4304 9577
7019 9560
6543 5930
8348 8085
9771 1040
6304 6252
9763 7668
8669 4119
9064 188
1876 8797
4371 5573
7123 2591
7433 53
4315 8201
2927 8317
8317 9977
6126 2646
8837 8689
9 9813
5310 8005
319 1832
5947 5038
3923 949
3946 9295
7962 1133
8727 2060
9007 2705
4342 8645
9938 6932
3470 8835
6537 6118
7177 8479
7397 1982
4061 3681
344 9638
9075 3770
9641 3608
117 1163
1104 514
5413 1160
8423 3899
4562 7953
3510 8834
2167 9355
9440 7744
3981 7749
6669 3119
7062 5804
6939 6735
7651 887
6596 5559
8786 7350
7579 4092
9016 1604
828 8856
241 1528
6658 7956
7886 3502
6570 960
35 6396
4345 7454
4673 6930
9105 7973
4861 3566
958 9489
8883 998
5138 936
821 9571
7811 8238
8701 2579
931 8320
1122 9749
6615 1964
9333 4033
9485 9740
651 1343
6868 9562
9260 8565
5183 4272
6484 2144
4915 7491
5180 1188
152 7508
9224 1638
1200 8808
3492 8288
5718 1127
4002 6054
7179 8900
4956 8666
128 9086
9064 2546
4462 4616
9909 3450
5617 3335
4325 8280
8004 4114
6939 4533
722 58
5464 2143
7239 9038
7007 9189
158 1832
8938 590
6049 9543
9052 2426
7041 2088
685 5050
5974 653
5862 3441
4088 1684
5794 9173
6658 2532
406 2938
5442 6745
6267 634
7711 3644
3269 7541
5728 5000
387 3164
6528 5378
4564 1137
4573 5753
8346 6548
8785 5425
452 1889
9512 4349
9774 7119
5663 5139
7149 9932
8379 1894
6311 9446
727 7144
27 8518
8821 3228
5967 7066
4920 8308
5067 6691
5344 6592
4844 9083
6888 6211
2851 9324
4930 6653
8977 6
4978 4700
3443 7043
9502 9939
5279 7618
7238 7244
3501 8375
7752 2780
8445 5491
5085 3680
400 757
4011 7784
6790 9431
8099 6547
90 1746
6965 3585
2881 8486
7611 822
9132 4082
8702 9157
9755 5198
7251 8270
6991 8976
7305 2607
7777 7373
4543 8540
7939 3919
4499 7206
5502 5238
8849 1320
3788 6275
1052 6797
6678 5421
8890 7633
6812 1020
3388 6883
6381 9569
320 9432
6232 7814
96 5763
4892 6389
6865 8818
8947 9883
3613 7999
7140 7956
475 6371
5507 6624
2704 7657
2091 8751
441 6455
9697 9246
444 1375
7022 2223
7564 2977
6211 5363
3467 7449
5355 5529
6211 4558
6906 4133
317 8837
853 5733
3673 1124
659 508
333 2496
3908 2068
7758 1874
9240 3571
7619 4198
6043 2749
9926 9949
9481 420
5111 9433
6149 6498
3249 1245
9700 3978
9837 1983
9272 672
5688 8728
7018 6071
1129 8289
5590 207
6882 8031
5934 7532
2885 8548
4425 8817
7921 7616
7136 9707
4397 5280
4022 1419
4569 7385
3995 7613
9336 9999
6209 5511
470 8098
5325 2979
7988 3475
5813 4232
5576 4581
9767 4526
9106 166
8464 3130
6658 8004
9096 3937
7800 8041
7342 282
3630 6625
3986 5016
9528 6046
7753 9068
8698 5632
6971 9017
5419 5764
7434 4438
5023 4118
3777 1976
1958 8779
3545 7933
4530 9659
8595 9777
4636 1647
3727 5912
231 8751
745 893
9066 4786
1680 200
9405 4658
7690 7843
7216 5582
3020 841
4136 7827
6565 8056
1213 9453
2444 9221
4978 1395
4066 1940
9143 6818
9933 9766
3697 8561
6232 7381
7253 4871
9642 7025
5003 9316
986 9988
9043 1229
2564 43
6693 7381
9729 7699
4771 534
4632 7438
4334 9663
3241 6965
1880 8922
9749 9325
4728 7195
4982 6594
4460 8199
8847 8090
7172 1317
9798 653
7078 5280
9891 4102
423 1496
3750 9424
9619 339
4415 9441
7708 8502
7245 4557
2973 9590
7141 8056
5700 6690
5460 5260
5403 6744
8117 4722
6561 9012
601 7451
4135 5296
8431 18
8889 7569
6770 888
3073 8494
5927 8167
7242 845
8998 2146
4719 7178
7941 1989
472 9975
5091 9024
224 9048
6684 1527
3681 1858
7560 1924
2522 8165
4781 8337
4479 6807
7905 7736
3993 7483
9031 2369
6284 3122
9820 8327
4526 6798
5568 8318
4377 42
4634 4891
9616 9501
8022 2434
7316 8824
7935 5654
5446 9042
8903 6180
7460 5272
9368 6274
3826 6730
715 5213
7749 6246
6325 2492
8115 606
9669 5439
7486 251
7692 4342
5546 6512
8742 6226
5188 7994
8864 588
4708 3727
7269 2725
4906 474
753 5314
5873 6141
7056 2385
4000 8702
6751 9272
2868 1293
9985 6267
3945 8153
9554 2344
3804 7555
4161 7529
4183 153
7622 4712
8955 2588
5661 9626
4901 6951
4097 7484
4949 3263
6302 7916
6248 9370
5881 9417
4847 4837
359 6484
4497 132
9272 803
9935 8138
4689 3770
9946 5772
5061 7222
546 9495
5977 2153
5352 6807
2165 8837
5994 8697
8221 4465
7894 4835
5549 1886
7673 1233
6511 9131
5992 1479
6464 228
4332 8791
6038 4295
9577 6242
6086 1775
3830 7724
410 9198
5374 9995
3626 1035
7606 4951
6689 1911
2290 742
609 4986
8071 1902
8807 2222
6367 7432
6078 8850
6866 9622
6686 4583
536 6070
3559 7264
7285 3868
5942 1627
6018 8920
5876 992
6523 4520
7450 1501
3475 9783
349 828
5464 3990
2063 9250
3362 1124
9080 3394
9607 3538
3817 5383
2417 9764
46 4542
8850 4106
422 2159
243 5869
3898 9647
5304 258
6897 8619
7802 7344
5931 8408
9726 1786
7405 8254
3629 710
8543 4941
7504 510
996 7847
6580 6984
7267 1204
9966 2430
4505 9590
8984 5327
6240 9787
8692 4831
7433 8282
9919 7048
9033 3522
7046 7398
3743 6779
5553 7430
6532 6815
6992 5120
4176 6132
2500 7770
7075 1582
6105 2131
9115 982
9608 9201
9202 5400
5793 6929
842 4712
9837 5119
488 1535
1824 409
3657 2286
6912 520
3582 3811
4506 4012
1679 8935
1424 9674
