256
64
3 2
1827 4808
7433 53
1743 4889
8317 9977
8837 8689
9 9813
319 1832
3923 949
1290 1403
8727 2060
9007 2705
9938 6932
1049 5539
344 9638
9075 3770
9641 3608
117 1163
964 3750
1104 514
5413 1160
4562 7953
2167 9355
9440 7744
7062 5804
6939 6735
7651 887
1790 4073
3139 3116
8786 7350
2296 6912
1235 7260
241 1528
7886 3502
35 6396
9105 7973
958 9489
5138 936
821 9571
7811 8238
8701 2579
931 8320
1312 3044
1122 9749
6615 1964
9333 4033
9485 9740
651 1343
9260 8565
6484 2144
5180 1188
152 7508
9224 1638
5718 1127
4669 2584
7179 8900
4956 8666
128 9086
4905 1697
9064 2546
9909 3450
832 1512
722 58
7239 9038
158 1832
1232 2442
9052 2426
685 5050
5974 653
4088 1684
406 2938
5442 6745
6267 634
7711 3644
387 3164
4564 1137
8346 6548
8785 5425
452 1889
9512 4349
626 1776
9774 7119
7149 9932
3114 4173
727 7144
27 8518
8821 3228
5143 2041
4920 8308
5344 6592
4844 9083
2085 3143
6888 6211
2851 9324
8977 6
9502 9939
1389 4649
8445 5491
400 757
1193 7461
8099 6547
3997 2417
90 1746
6965 3585
7611 822
9132 4082
1988 7478
8702 9157
9755 5198
7251 8270
6991 8976
7777 7373
4543 8540
1269 4681
1052 6797
8890 7633
6812 1020
320 9432
6232 7814
96 5763
6865 8818
8947 9883
7140 7956
475 6371
441 6455
9697 9246
444 1375
823 4262
6906 4133
1341 7705
317 8837
853 5733
3673 1124
659 508
333 2496
3908 2068
9240 3571
9926 9949
1876 2683
5096 1771
9481 420
5111 9433
3249 1245
9700 3978
1669 4941
9837 1983
7018 6071
1129 8289
5590 207
1729 7102
5934 7532
7921 7616
7136 9707
4022 1419
9336 9999
470 8098
7988 3475
9767 4526
9106 166
8464 3130
9096 3937
7342 282
1524 4820
9528 6046
7753 9068
8698 5632
6971 9017
3777 1976
3155 5169
4530 9659
8595 9777
4636 1647
2939 4952
231 8751
2073 4494
745 893
1680 200
9405 4658
3020 841
1869 1070
6565 8056
1213 9453
878 2485
2444 9221
4978 1395
4066 1940
9143 6818
9933 9766
9642 7025
5003 9316
986 9988
1625 3404
1330 2573
2564 43
9729 7699
4771 534
1166 3824
4334 9663
1169 977
2718 5039
9749 9325
8847 8090
7172 1317
9798 653
9891 4102
423 1496
3750 9424
9619 339
4415 9441
659 2870
7708 8502
2973 9590
7141 8056
1494 7700
1713 2634
5403 6744
601 7451
1442 5153
1899 6622
8431 18
8889 7569
6770 888
7242 845
3335 4375
8998 2146
472 9975
5091 9024
224 9048
6684 1527
3681 1858
4781 8337
9031 2369
9820 8327
4377 42
9616 9501
7316 8824
7935 5654
8903 6180
9368 6274
7749 6246
8115 606
9669 5439
1644 7213
7486 251
2361 6717
8742 6226
1480 7110
4906 474
919 4806
2950 2785
2868 1293
9985 6267
9554 2344
4183 153
8955 2588
1210 7237
6302 7916
525 5168
3598 5313
916 3752
2340 4339
1307 3814
1084 3456
2287 4040
3733 4741
488 1535
2547 3527
3432 4374
1796 2504
1139 750
1489 771
3582 3811
1824 409
3593 2266
3657 2286
4010 2677
4333 711
4557 106
4506 4012
5514 1674
6912 520
5977 2664
9064 188
9771 1040
6873 3611
5574 4552
6572 4386
9459 3150
8669 4119
9292 5155
6543 5930
7573 6216
6065 5820
9763 7668
6304 6252
8348 8085
9197 8830
6482 7517
7527 8785
8279 9863
4803 5925
7359 9654
7019 9560
5635 9891
4554 7428
4422 9125
4304 9577
3257 8928
3483 8179
2803 8751
1424 9674
1169 9980
1679 8935
1291 9044
434 9195
2615 6924
2621 6916
2045 6201
1654 6227
1519 6224
1584 5881
