128
4
3 2
1424 9674
6912 520
488 1535
8279 9863
434 9195
3257 8928
6873 3611
7359 9654
4557 106
5574 4552
5514 1674
1519 6224
1584 5881
5635 9891
4333 711
7527 8785
1291 9044
4803 5925
9459 3150
1139 750
1307 3814
1654 6227
4554 7428
5977 2664
6065 5820
1169 9980
2803 8751
4010 2677
7573 6216
4422 9125
916 3752
525 5168
6572 4386
1084 3456
9292 5155
3483 8179
6482 7517
9197 8830
4304 9577
7019 9560
6543 5930
8348 8085
1489 771
9771 1040
6304 6252
9763 7668
8669 4119
9064 188
1876 8797
4371 5573
7123 2591
7433 53
4315 8201
2927 8317
1743 4889
8317 9977
6126 2646
8837 8689
9 9813
5310 8005
319 1832
5947 5038
3923 949
3946 9295
1290 1403
7962 1133
8727 2060
9007 2705
4342 8645
9938 6932
3470 8835
6537 6118
7177 8479
7397 1982
1049 5539
344 9638
9075 3770
9641 3608
117 1163
964 3750
1104 514
5413 1160
8423 3899
4562 7953
3510 8834
2167 9355
9440 7744
3981 7749
6669 3119
1545 1588
7062 5804
6939 6735
7651 887
1612 993
6596 5559
8786 7350
7579 4092
1235 7260
9016 1604
828 8856
241 1528
6658 7956
7886 3502
6570 960
35 6396
4345 7454
4673 6930
9105 7973
4861 3566
958 9489
8883 998
5138 936
821 9571
7811 8238
8701 2579
931 8320
1312 3044
1122 9749
1113 3853
6615 1964
9333 4033
9485 9740
651 1343
6868 9562
9260 8565
5183 4272
6484 2144
4915 7491
1824 409
3657 2286
4506 4012
1679 8935
