512
64
3 2
1827 4808
7433 53
1743 4889
8317 9977
8837 8689
9 9813
319 1832
3923 949
1290 1403
8727 2060
9007 2705
9938 6932
1049 5539
344 9638
9075 3770
9641 3608
117 1163
964 3750
1104 514
5413 1160
4562 7953
2167 9355
9440 7744
7062 5804
6939 6735
7651 887
1790 4073
3139 3116
8786 7350
2296 6912
1235 7260
241 1528
7886 3502
35 6396
9105 7973
958 9489
5138 936
821 9571
7811 8238
8701 2579
931 8320
1312 3044
1122 9749
6615 1964
9333 4033
9485 9740
651 1343
9260 8565
6484 2144
5180 1188
152 7508
9224 1638
5718 1127
4669 2584
7179 8900
4956 8666
128 9086
4905 1697
9064 2546
9909 3450
832 1512
722 58
7239 9038
158 1832
1232 2442
9052 2426
685 5050
5974 653
4088 1684
406 2938
5442 6745
6267 634
7711 3644
387 3164
4564 1137
8346 6548
8785 5425
452 1889
9512 4349
626 1776
9774 7119
7149 9932
3114 4173
727 7144
27 8518
8821 3228
5143 2041
4920 8308
5344 6592
4844 9083
2085 3143
6888 6211
2851 9324
8977 6
9502 9939
1389 4649
8445 5491
400 757
1193 7461
8099 6547
3997 2417
90 1746
6965 3585
7611 822
9132 4082
1988 7478
8702 9157
9755 5198
7251 8270
6991 8976
7777 7373
4543 8540
1269 4681
1052 6797
8890 7633
6812 1020
320 9432
6232 7814
96 5763
6865 8818
8947 9883
7140 7956
475 6371
441 6455
9697 9246
444 1375
823 4262
6906 4133
1341 7705
317 8837
853 5733
3673 1124
659 508
333 2496
3908 2068
9240 3571
9926 9949
1876 2683
5096 1771
9481 420
5111 9433
3249 1245
9700 3978
1669 4941
9837 1983
7018 6071
1129 8289
5590 207
1729 7102
5934 7532
7921 7616
7136 9707
4022 1419
9336 9999
470 8098
7988 3475
9767 4526
9106 166
8464 3130
9096 3937
7342 282
1524 4820
9528 6046
7753 9068
8698 5632
6971 9017
3777 1976
3155 5169
4530 9659
8595 9777
4636 1647
2939 4952
231 8751
2073 4494
745 893
1680 200
9405 4658
3020 841
1869 1070
6565 8056
1213 9453
878 2485
2444 9221
4978 1395
4066 1940
9143 6818
9933 9766
9642 7025
5003 9316
986 9988
1625 3404
1330 2573
2564 43
9729 7699
4771 534
1166 3824
4334 9663
1169 977
2718 5039
9749 9325
8847 8090
7172 1317
9798 653
9891 4102
423 1496
3750 9424
9619 339
4415 9441
659 2870
7708 8502
2973 9590
7141 8056
1494 7700
1713 2634
5403 6744
601 7451
1442 5153
1899 6622
8431 18
8889 7569
6770 888
7242 845
3335 4375
8998 2146
472 9975
5091 9024
224 9048
6684 1527
3681 1858
4781 8337
9031 2369
9820 8327
4377 42
9616 9501
7316 8824
7935 5654
8903 6180
9368 6274
7749 6246
8115 606
9669 5439
1644 7213
7486 251
2361 6717
8742 6226
1480 7110
4906 474
919 4806
2950 2785
2868 1293
9985 6267
9554 2344
4183 153
8955 2588
1210 7237
6302 7916
359 6484
4497 132
9935 8138
9946 5772
1591 645
546 9495
1476 4835
2695 4210
7673 1233
2306 3696
6464 228
2024 7451
6038 4295
9577 6242
410 9198
5374 9995
3626 1035
6689 1911
2290 742
609 4986
8807 2222
6866 9622
536 6070
7285 3868
5876 992
3475 9783
349 828
2063 9250
3362 1124
9607 3538
2417 9764
46 4542
8850 4106
422 2159
243 5869
3898 9647
5304 258
858 2076
6897 8619
1862 1041
7802 7344
9726 1786
7405 8254
3629 710
7504 510
996 7847
7267 1204
9966 2430
1076 2067
4505 9590
8984 5327
6240 9787
7433 8282
9919 7048
1557 5120
1099 1494
1398 1527
7075 1582
9608 9201
9202 5400
2002 6730
842 4712
9837 5119
9468 8313
7900 3674
9113 6022
1882 4564
9406 3705
9977 4381
474 2955
100 2972
2347 9278
2324 502
5314 9299
9768 1391
861 2549
2579 815
1336 4458
7259 6947
7957 9946
7242 6785
5655 7043
1816 4640
9717 7972
744 3612
6475 9819
897 125
5375 1965
126 8149
8196 9154
5802 1180
6505 693
7147 307
7532 1275
5129 9433
4743 1887
6636 341
7538 5928
1443 7155
7138 9648
1288 6484
2754 1251
8693 8355
3871 1684
9869 2504
1234 2902
8095 7601
9236 9494
7354 9248
1118 7682
4500 9689
920 5766
7404 616
932 6041
4703 1257
1479 9733
8307 6299
7581 9508
7368 9366
3084 5267
9912 7792
8214 2471
1013 7381
2827 641
8564 9991
5543 9795
857 5482
1548 9141
4128 9874
1335 9547
2112 9749
1388 5072
9157 6171
5928 298
1264 4846
618 5517
2147 9785
715 6731
7355 3833
9345 7218
8641 6859
9906 2267
4096 854
7873 6081
9085 1680
4670 1374
7361 8410
1502 3637
7391 5727
436 6797
872 6495
8224 6126
1337 6142
3678 461
5221 1623
2254 627
7349 86
1298 311
2449 8991
9975 8647
6934 1821
4934 1996
782 3906
1029 1816
8189 9776
8782 269
8443 9421
3963 2352
25 5780
5908 1108
8618 8914
713 6338
266 5850
1106 5649
3950 1698
9533 5447
2185 726
1033 7498
605 4807
3302 717
3268 686
8444 6524
8897 7756
4150 599
5848 783
7204 6334
6955 1293
7055 9870
2956 8937
9873 6981
693 5776
939 1229
6655 5952
8406 2621
510 2339
9954 7179
570 2068
1101 3866
530 9913
7273 1259
9403 2255
8674 6012
1858 424
8482 6340
9202 1929
7311 3515
4678 8047
2223 1213
7292 1438
4914 2580
1988 3292
2275 3878
8094 430
9376 6044
2126 1412
1077 5067
8612 6730
1208 2053
5194 1215
8476 5644
9630 2981
2114 7088
2507 4982
4653 1292
9024 4496
2050 4961
8234 2762
9696 9513
9914 5531
464 1330
744 9449
9373 6825
496 8159
1195 981
7609 3342
5573 9939
2353 5121
6532 2142
9202 1739
4061 2308
1586 829
6850 4067
9464 5123
8163 8433
7648 8171
379 1475
6442 8281
7491 3944
3524 9557
5781 797
828 4609
8108 9789
8793 133
1761 7060
5995 741
9343 9204
525 5168
3598 5313
916 3752
2340 4339
1307 3814
1084 3456
2287 4040
3733 4741
488 1535
2547 3527
3432 4374
1796 2504
1139 750
1489 771
3582 3811
1824 409
3593 2266
3657 2286
4010 2677
4333 711
4557 106
4506 4012
5514 1674
6912 520
5977 2664
9064 188
9771 1040
6873 3611
5574 4552
6572 4386
9459 3150
8669 4119
9292 5155
6543 5930
7573 6216
6065 5820
9763 7668
6304 6252
8348 8085
9197 8830
6482 7517
7527 8785
8279 9863
4803 5925
7359 9654
7019 9560
5635 9891
4554 7428
4422 9125
4304 9577
3257 8928
3483 8179
2803 8751
1424 9674
1169 9980
1679 8935
1291 9044
434 9195
2615 6924
2621 6916
2045 6201
1654 6227
1519 6224
1584 5881
