256
8
3 2
8279 9863
434 9195
3257 8928
6873 3611
7359 9654
4557 106
5574 4552
5635 9891
4333 711
7527 8785
1291 9044
4803 5925
9459 3150
1139 750
4554 7428
5977 2664
6065 5820
1169 9980
2803 8751
7573 6216
4422 9125
525 5168
6572 4386
9292 5155
3483 8179
6482 7517
9197 8830
4304 9577
7019 9560
6543 5930
8348 8085
9771 1040
6304 6252
9763 7668
8669 4119
9064 188
1876 8797
4371 5573
7123 2591
7433 53
4315 8201
2927 8317
8317 9977
6126 2646
8837 8689
9 9813
5310 8005
319 1832
5947 5038
3923 949
3946 9295
7962 1133
8727 2060
9007 2705
4342 8645
9938 6932
3470 8835
6537 6118
7177 8479
7397 1982
4061 3681
344 9638
9075 3770
9641 3608
117 1163
1104 514
5413 1160
8423 3899
4562 7953
3510 8834
2167 9355
9440 7744
3981 7749
6669 3119
7062 5804
6939 6735
7651 887
6596 5559
8786 7350
7579 4092
9016 1604
828 8856
241 1528
6658 7956
7886 3502
6570 960
35 6396
4345 7454
4673 6930
9105 7973
4861 3566
958 9489
8883 998
5138 936
821 9571
7811 8238
8701 2579
931 8320
1122 9749
6615 1964
9333 4033
9485 9740
651 1343
6868 9562
9260 8565
5183 4272
6484 2144
4915 7491
5180 1188
152 7508
9224 1638
1200 8808
3492 8288
5718 1127
4002 6054
7179 8900
4956 8666
128 9086
9064 2546
4462 4616
9909 3450
5617 3335
4325 8280
8004 4114
6939 4533
722 58
5464 2143
7239 9038
7007 9189
158 1832
8938 590
6049 9543
9052 2426
7041 2088
685 5050
5974 653
5862 3441
4088 1684
5794 9173
6658 2532
406 2938
5442 6745
6267 634
7711 3644
3269 7541
5728 5000
387 3164
6528 5378
4564 1137
4573 5753
8346 6548
8785 5425
452 1889
9512 4349
9774 7119
5663 5139
7149 9932
8379 1894
6311 9446
727 7144
27 8518
8821 3228
5967 7066
4920 8308
5067 6691
5344 6592
4844 9083
6888 6211
2851 9324
4930 6653
8977 6
4978 4700
3443 7043
9502 9939
5279 7618
7238 7244
3501 8375
7752 2780
8445 5491
5085 3680
400 757
4011 7784
6790 9431
8099 6547
90 1746
6965 3585
2881 8486
7611 822
9132 4082
8702 9157
9755 5198
7251 8270
6991 8976
7305 2607
7777 7373
4543 8540
7939 3919
4499 7206
5502 5238
8849 1320
3788 6275
1052 6797
6678 5421
8890 7633
6812 1020
3388 6883
6381 9569
320 9432
6232 7814
96 5763
4892 6389
6865 8818
8947 9883
3613 7999
7140 7956
475 6371
5507 6624
2704 7657
2091 8751
441 6455
9697 9246
444 1375
7022 2223
7564 2977
6211 5363
3467 7449
5355 5529
6211 4558
6906 4133
317 8837
853 5733
3673 1124
659 508
333 2496
3908 2068
7758 1874
9240 3571
7619 4198
6043 2749
9926 9949
9481 420
5111 9433
6149 6498
3249 1245
9700 3978
9837 1983
9272 672
5688 8728
7018 6071
1129 8289
5590 207
6882 8031
5934 7532
2885 8548
4425 8817
7921 7616
488 1535
1824 409
3657 2286
6912 520
3582 3811
4506 4012
1679 8935
1424 9674
