128
32
3 2
6065 5820
1169 9980
7573 6216
4422 9125
916 3752
525 5168
1084 3456
9292 5155
6482 7517
9197 8830
4304 9577
6543 5930
3593 2266
8348 8085
1796 2504
9771 1040
6304 6252
9763 7668
8669 4119
9064 188
7123 2591
7433 53
4315 8201
8317 9977
3258 2504
8837 8689
9 9813
319 1832
3923 949
3946 9295
1290 1403
7962 1133
8727 2060
9007 2705
4342 8645
9938 6932
3470 8835
6537 6118
7397 1982
1049 5539
344 9638
9075 3770
9641 3608
117 1163
964 3750
1104 514
5413 1160
8423 3899
4562 7953
3510 8834
9440 7744
1545 1588
7062 5804
6939 6735
7651 887
6596 5559
8786 7350
1235 7260
9016 1604
828 8856
241 1528
7886 3502
6570 960
35 6396
9105 7973
958 9489
8883 998
5138 936
821 9571
7811 8238
8701 2579
1122 9749
1113 3853
9333 4033
9485 9740
651 1343
9260 8565
152 7508
9224 1638
1200 8808
5718 1127
4956 8666
128 9086
9064 2546
9909 3450
4325 8280
8004 4114
832 1512
722 58
5464 2143
158 1832
8938 590
9052 2426
7041 2088
685 5050
5974 653
406 2938
2608 1771
6267 634
7711 3644
387 3164
6528 5378
8346 6548
8785 5425
452 1889
9512 4349
9774 7119
7149 9932
8379 1894
727 7144
27 8518
8821 3228
5967 7066
1146 5409
4920 8308
4844 9083
6888 6211
2851 9324
8977 6
9502 9939
7238 7244
7752 2780
1389 4649
8445 5491
3262 2414
400 757
1193 7461
8099 6547
1307 3814
488 1535
2547 3527
1139 750
1824 409
3582 3811
3733 4741
3657 2286
4333 711
4557 106
5514 1674
4506 4012
6912 520
6873 3611
5574 4552
9459 3150
4803 5925
7527 8785
8279 9863
7359 9654
5635 9891
4554 7428
3257 8928
1424 9674
1679 8935
1291 9044
2615 6924
434 9195
2045 6201
1654 6227
1519 6224
1584 5881
