64
128
3 2
35 6396
9105 7973
958 9489
8883 998
821 9571
7811 8238
8701 2579
931 8320
1312 3044
1122 9749
1113 3853
6615 1964
9333 4033
9485 9740
651 1343
6868 9562
9260 8565
6484 2144
152 7508
9224 1638
5718 1127
7179 8900
4956 8666
128 9086
2200 4333
9064 2546
9909 3450
832 1512
722 58
7239 9038
158 1832
1232 2442
8938 590
6049 9543
9052 2426
685 5050
5974 653
5794 9173
3878 2662
406 2938
6267 634
387 3164
8346 6548
8785 5425
452 1889
9512 4349
9774 7119
7149 9932
8379 1894
6311 9446
3114 4173
727 7144
27 8518
5067 6691
4844 9083
2085 3143
6888 6211
2851 9324
8977 6
9502 9939
5279 7618
1389 4649
8445 5491
3262 2414
525 5168
3295 5107
1743 4889
1827 4808
2340 4339
916 3752
964 3750
1790 4073
3006 4563
1307 3814
1084 3456
2287 4040
3733 4741
3432 4374
319 1832
2547 3527
241 1528
488 1535
117 1163
1796 2504
1290 1403
1545 1588
1139 750
1104 514
1612 993
1489 771
3582 3811
3139 3116
1824 409
3258 2504
3593 2266
4061 3681
3657 2286
3872 2724
4010 2677
3923 949
4333 711
4506 4012
4557 106
5413 1160
5514 1674
6912 520
7433 53
5977 2664
6126 2646
7651 887
7962 1133
7397 1982
9064 188
7123 2591
6669 3119
9016 1604
9771 1040
8727 2060
6873 3611
5574 4552
9007 2705
9459 3150
6572 4386
7579 4092
8423 3899
9075 3770
9641 3608
8669 4119
5947 5038
9292 5155
6596 5559
7062 5804
9938 6932
7573 6216
6543 5930
6065 5820
6537 6118
9763 7668
8786 7350
9440 7744
6304 6252
6939 6735
8348 8085
9197 8830
8837 8689
6482 7517
7527 8785
7177 8479
8279 9863
8317 9977
6658 7956
7359 9654
7019 9560
4803 5925
5310 8005
5635 9891
4562 7953
4554 7428
4422 9125
4304 9577
4342 8645
4315 8201
3946 9295
3981 7749
3510 8834
3470 8835
3257 8928
3483 8179
4371 5573
2803 8751
2927 8317
2167 9355
1424 9674
1169 9980
1876 8797
1679 8935
1291 9044
344 9638
2103 7787
9 9813
828 8856
434 9195
2615 6924
2621 6916
2296 6912
1235 7260
2045 6201
1654 6227
1519 6224
1584 5881
3598 5313
1049 5539
