18
450
250 100
61500 37100
57000 48700
35300 67400
35600 71500
64400 82600
68500 80100
72500 57400
80300 47300
80800 41800
79700 27800
57400 41100
51200 36200
41200 57100
67500 62100
39200 60800
63600 40900
55100 49700
51600 69400
73584 60435
73687 60435
78636 58373
78842 58064
78946 57961
78946 57445
79152 57342
79358 57342
79461 57136
79358 57033
79358 56724
78224 54765
79564 53941
79873 53631
82451 51261
82451 51158
82142 50745
82039 50642
82039 50436
81935 50436
81935 50024
82039 49714
82039 49611
82142 49611
82142 49508
82245 49508
82245 49302
82348 49096
82348 48993
82554 48684
82554 48168
82348 47756
82348 47550
82039 47550
81832 47137
81625 46931
81625 46828
81523 46622
81523 46416
81420 46210
81420 46107
81214 46107
77399 45797
78224 44045
77708 42808
81935 42396
82142 42190
84101 34046
84204 30233
83894 28996
82348 27346
81214 27346
79461 24563
79152 24254
78946 24151
78842 24357
78946 24460
78739 24460
78739 24357
78842 24151
78739 24151
78533 24048
78327 24254
78224 24151
78018 24048
77708 24048
77605 23945
68945 25388
68945 25491
68739 25491
68636 25388
66161 25697
60977 28072
59871 30645
59253 32810
59150 37036
59253 37139
59253 37345
60074 38220
61864 38409
63171 37963
63790 37963
63790 38067
63893 38067
63996 37963
63996 38170
63893 38170
63377 38273
63274 38273
63274 38376
62965 38891
62450 39716
62450 39819
62346 40128
62346 42087
62450 42087
62656 42293
62862 42602
63171 43014
63274 43117
65749 43117
65646 43220
65336 43839
64615 43839
64202 43736
63274 43427
63171 43427
63068 43220
62965 43220
62862 43324
62140 43530
62037 43530
60491 44457
55954 48270
55954 48374
56160 48581
56160 49096
56057 49199
56160 49199
56263 49405
56470 49405
56882 49302
57088 49302
57191 49405
57604 49405
57913 49508
58119 49714
58428 49817
58532 49920
58532 50024
58635 50024
59562 50847
59666 51054
59769 51054
59975 51158
60180 51054
60697 50847
61005 50847
60800 51054
60697 50951
60594 51054
60284 51158
60078 51158
59975 51261
59769 51261
59460 50951
59355 50951
59355 50847
59253 50745
58428 50127
57707 49714
57604 49817
56985 49817
55645 49199
54583 48801
55542 47034
55542 45488
55439 45488
55439 45282
54614 42705
56566 43139
58829 41021
58103 39824
55851 39510
55954 37963
55748 37654
55439 37036
55439 36933
55336 36830
55026 36211
54820 36211
52346 36727
51727 35386
51624 35386
51624 35490
51418 35490
51418 35283
50798 35283
50593 35593
49665 39716
48428 46313
48325 46416
48325 46622
48428 46828
48325 46931
48325 47137
48222 47343
42551 56208
42551 56311
42345 56621
42139 56724
41933 56930
41829 56930
41725 56827
41211 56724
41107 56827
40902 56827
40798 56930
40798 57033
40695 57136
40592 57342
40798 57548
40798 57651
40592 57858
40489 58064
40283 58373
40695 58373
41107 58270
41211 58270
41314 58476
41211 58476
41211 58579
41005 58785
41005 58888
40902 58991
40902 59095
41005 59198
41416 59816
41416 60022
41520 60022
41829 60331
41829 60435
43891 61774
44201 61878
44201 61981
46469 63012
47706 63321
47809 63321
48531 63115
48634 63012
48840 63012
48943 62805
49046 62908
49150 62908
49356 62805
49356 63012
49150 63115
49046 63218
48943 63218
47397 63733
45952 63115
45850 63115
41107 60331
40592 60022
40283 60125
40077 60125
40283 60022
39355 60331
39149 60435
39046 60435
38736 60538
38633 60538
38530 60744
38530 60949
38633 61258
38633 61362
38736 61362
38736 61465
38840 61465
40489 61156
40695 61981
40695 62083
40798 62290
41107 63012
41314 63012
41416 63115
43788 64248
44304 64248
44510 64145
44819 64145
45129 64455
45025 64558
44922 64558
44922 64455
44819 64455
43035 64594
42162 64106
41495 64547
42139 65176
42757 65176
42757 65073
42860 65073
42860 65278
42757 65382
42242 65382
42139 65485
42036 65485
41829 65278
41142 65021
40072 65278
40072 65978
41190 67123
42757 67444
42757 67650
42860 67650
43273 67856
43375 67959
43375 68681
42139 69093
41107 67650
40592 67238
39355 66619
35334 65588
35128 65588
35025 65485
34303 65352
32757 66413
32550 66619
32550 66928
32654 67135
33401 68198
34303 68887
34716 68887
34716 68578
34819 68578
34819 68784
34922 68887
35231 68887
38427 70072
39767 68681
42964 69815
43170 69815
43170 69918
43375 69918
43582 70021
43684 70330
43684 70536
41933 70949
41829 70949
41520 70742
41520 70639
40592 69815
40283 69815
40180 69712
39974 69712
38530 71052
33994 69609
33375 69609
31805 69913
31519 70227
31094 71746
31947 73216
32860 73216
33685 73113
33581 72392
37396 73113
37293 73216
37293 73938
37396 74041
38633 74247
38840 74247
39046 74144
39149 74144
40488 73735
41211 73319
41520 73010
41933 72804
42448 72392
42551 72289
43995 70536
44201 70433
44922 70433
44922 70536
45025 70639
45025 70949
45129 70845
45438 70949
45850 70949
45952 70845
46160 70742
46263 70742
46263 70536
46675 68475
47809 69505
49356 69505
49356 69402
49459 69505
49665 69402
51212 67856
51727 68990
51005 69402
51005 69609
51107 69712
51315 69815
53170 70124
53274 70124
55336 68475
55645 69402
55232 70227
56057 71979
56470 72082
57249 73472
59119 73135
61819 73135
61819 74435
65631 75648
65027 77546
63171 81772
63274 81875
63171 81978
63171 82596
63790 84246
63790 84349
64512 84349
64615 84246
66058 84143
66058 102050
1283 102050
1283 8750
101883 8750
101883 102050
66264 102050
66264 84143
66470 84143
66677 84040
68532 84349
69460 81772
69460 80741
69357 80638
68532 79298
66883 78886
66677 77752
67295 78061
67605 78061
67708 77958
70491 75587
70388 75484
70491 75484
70594 75381
70182 75072
70079 75072
70698 74762
70491 74556
69873 74866
69667 75072
69254 75072
69254 74969
69151 74866
69151 74144
69048 74041
69151 73938
69357 73938
71316 70845
71579 69369
71007 67341
70904 67135
69667 64352
67605 60435
67914 60435
70285 60228
