300
100
3 2
303 493
22 178
108 464
263 507
121 115
116 499
45 14
397 378
59 275
224 99
486 468
54 14
183 41
52 151
89 260
8 227
92 394
46 115
84 266
392 505
161 74
245 468
90 38
125 33
479 284
398 370
108 47
472 330
54 146
434 48
435 392
389 98
139 503
343 395
67 56
440 145
483 394
118 453
250 486
200 47
293 449
308 76
487 479
451 161
109 423
397 458
125 355
300 473
51 477
39 493
353 31
507 26
299 84
475 385
390 5
13 258
102 75
236 34
225 467
15 371
503 40
410 489
112 445
427 15
30 265
374 436
399 446
373 1
68 246
361 486
48 281
137 26
424 19
127 17
14 446
497 54
453 372
109 33
381 505
15 139
11 494
415 509
44 339
446 58
311 50
199 41
342 397
459 485
134 56
343 92
9 318
14 61
499 1
76 453
449 213
124 473
221 422
93 272
105 351
148 397
441 251
485 98
124 79
27 134
196 419
23 191
429 393
57 58
388 409
458 413
373 447
384 55
25 443
457 406
439 417
84 354
223 88
150 381
397 395
295 496
267 492
232 472
166 492
439 457
499 311
35 219
135 499
335 53
471 152
413 451
458 447
480 464
492 436
343 37
405 330
150 379
492 368
31 54
392 79
473 225
484 470
474 152
4 487
391 508
344 507
457 458
337 10
2 151
195 26
495 191
483 172
267 494
98 486
368 501
446 494
495 86
448 352
32 316
253 507
466 511
409 38
44 372
434 368
161 446
492 116
54 312
431 450
410 15
8 313
417 452
8 19
387 124
133 390
15 456
106 261
450 323
140 416
314 465
299 45
65 18
94 391
329 20
35 490
71 310
141 163
425 484
445 388
133 128
496 226
448 314
73 29
380 180
425 100
142 262
465 426
240 52
81 83
21 75
331 495
475 423
50 116
503 379
389 397
86 296
436 464
157 352
493 510
422 351
80 485
365 77
19 8
128 23
357 134
384 95
460 501
461 28
322 38
490 416
165 443
376 111
446 37
165 448
335 52
498 61
442 320
444 419
489 56
348 96
503 195
123 7
90 363
496 78
432 175
222 64
168 462
408 408
3 374
358 68
269 493
143 346
1 409
148 87
392 107
481 254
484 29
78 410
117 469
141 55
319 26
187 504
33 359
77 496
42 436
123 259
31 55
272 12
492 316
384 392
247 62
311 44
63 270
18 16
359 407
262 56
477 36
445 327
209 65
175 0
448 419
252 13
429 463
455 66
389 325
504 346
26 194
488 339
91 311
21 429
36 36
10 40
121 51
93 478
73 444
232 502
294 105
299 19
309 12
388 138
284 461
13 484
413 481
110 147
211 511
278 8
237 472
421 14
138 460
439 253
9 21
67 316
126 256
144 262
94 276
13 302
110 293
158 287
107 314
51 352
78 353
150 322
159 325
168 328
169 337
138 380
181 345
149 402
131 452
158 432
170 436
191 418
203 417
208 439
234 368
230 456
242 462
256 471
270 480
282 462
289 429
306 453
295 377
342 473
358 473
370 464
334 379
353 389
387 415
380 388
372 365
347 331
454 400
404 349
349 307
470 356
399 312
407 305
486 315
466 296
463 282
461 268
453 256
403 246
466 229
414 225
436 209
481 182
429 187
397 189
469 138
341 201
445 118
408 129
342 174
391 111
345 147
383 80
380 60
314 150
359 36
333 59
325 42
287 131
298 33
281 53
268 61
256 60
244 74
225 12
228 112
207 68
199 81
166 29
201 140
197 150
148 87
123 73
129 102
156 149
161 167
173 188
95 139
88 149
101 171
40 154
29 166
125 213
49 202
37 214
34 228
45 242
