1028
168
5 4
127 5
101 54
105 12
63 46
56 40
101 38
113 3
104 46
40 48
27 56
142 54
109 61
133 14
74 53
27 14
41 50
10 19
23 53
34 48
143 61
90 6
2 27
7 16
122 14
98 8
122 40
9 61
78 55
139 61
107 1
126 15
145 46
149 5
40 12
55 51
67 48
141 16
101 57
92 38
101 2
70 1
121 23
105 3
14 2
53 15
112 39
1 38
24 60
45 5
17 20
4 31
9 53
71 45
7 11
56 57
112 5
69 21
64 52
112 48
118 3
72 47
44 2
111 54
52 54
68 56
44 18
1 3
7 24
151 20
122 11
30 21
139 14
123 41
4 45
86 61
137 44
20 58
98 3
135 27
5 42
64 55
138 50
6 52
98 6
64 56
140 61
48 56
131 7
99 12
25 59
56 6
53 43
10 43
49 50
101 6
64 45
3 47
58 59
85 19
148 32
6 51
143 1
136 58
9 19
103 54
128 8
46 44
135 35
68 16
30 19
134 19
46 38
37 44
23 61
107 8
121 61
96 24
20 59
106 39
26 42
15 13
135 52
129 49
1 57
79 42
96 8
50 14
129 48
110 8
129 38
109 24
130 42
52 23
147 16
62 11
141 40
118 45
111 48
103 41
50 22
4 44
140 52
54 47
126 42
137 31
43 12
105 18
30 47
18 19
23 1
67 15
2 31
16 22
119 48
96 48
82 38
31 7
20 2
52 42
112 4
22 14
4 59
118 61
56 51
94 12
7 42
23 8
106 20
81 11
107 24
121 19
112 19
80 8
7 61
6 33
50 23
86 50
31 11
119 21
45 5
87 11
150 59
112 40
48 12
148 13
54 61
112 50
103 11
74 43
142 27
62 54
96 1
121 53
146 32
1 58
127 12
87 43
82 24
70 47
16 9
78 15
50 43
32 60
30 18
41 24
57 16
71 21
9 6
13 44
31 9
117 60
57 59
140 3
38 17
4 31
124 57
45 52
22 61
85 49
55 55
105 8
9 60
35 18
147 10
129 4
23 12
10 3
94 5
85 2
71 2
141 8
119 53
146 58
19 49
134 52
89 59
112 39
84 4
38 44
115 61
94 9
100 54
69 7
113 59
104 50
137 30
64 55
74 42
117 17
115 2
105 60
42 41
140 43
23 1
50 48
59 16
3 34
46 18
121 46
12 7
25 19
31 3
131 48
104 17
137 19
115 10
20 14
24 56
136 47
112 38
53 42
145 1
6 15
78 9
3 38
110 50
71 43
94 42
146 23
8 7
37 58
56 52
30 11
144 23
17 13
78 39
17 15
12 54
76 54
96 3
12 40
48 6
56 51
70 43
94 17
93 5
119 8
68 40
68 22
121 58
120 11
10 43
21 13
4 21
96 59
150 8
139 19
42 46
28 11
60 59
148 12
48 46
145 26
55 50
118 5
1 13
139 14
138 3
39 46
75 55
24 40
12 38
139 26
27 10
114 39
65 15
13 39
120 56
145 13
49 19
71 59
140 2
98 6
106 19
45 21
16 6
62 15
120 51
23 48
99 59
9 56
139 28
5 42
79 49
88 49
7 42
82 21
31 56
60 23
105 54
45 8
79 48
76 41
7 54
65 23
117 49
18 11
137 39
86 21
102 20
125 48
127 19
113 48
44 38
55 55
56 39
115 50
6 24
85 7
145 4
121 42
142 45
112 43
18 10
111 60
44 46
37 20
146 44
148 43
123 18
138 37
96 43
47 48
2 49
2 37
19 46
63 17
44 54
125 47
55 59
26 59
45 19
123 38
102 8
140 50
129 23
82 16
67 48
33 14
64 5
1 30
46 47
117 48
136 7
73 21
151 13
23 54
3 13
134 32
138 60
91 41
20 47
15 54
147 14
84 9
135 56
58 53
4 20
54 52
14 15
122 23
34 11
5 45
137 13
143 20
94 1
144 2
26 10
56 54
134 25
92 58
12 15
122 6
61 24
51 4
126 6
118 3
56 53
126 53
81 3
108 10
28 13
146 55
149 39
124 47
53 50
89 42
3 22
130 11
56 13
105 54
13 3
2 1
48 3
120 7
53 21
36 49
41 10
74 9
26 19
53 20
130 1
39 53
50 48
52 41
112 18
38 57
147 43
134 44
145 42
48 55
47 22
78 10
57 48
96 15
73 23
30 4
120 18
27 45
25 7
71 56
137 61
74 59
151 38
142 37
103 47
69 59
8 11
83 59
10 40
49 18
50 39
68 55
111 61
17 43
41 53
53 52
121 24
59 41
108 12
83 58
33 54
102 43
72 8
20 6
135 26
127 43
68 3
115 10
97 57
74 2
100 53
42 14
88 17
138 54
140 55
136 24
100 8
46 53
151 38
36 53
15 9
59 51
60 60
126 5
93 40
25 16
73 15
124 42
151 15
17 20
1 35
73 11
40 53
26 16
112 60
41 51
133 49
52 54
48 38
145 10
125 54
124 19
13 51
26 47
150 21
137 35
138 34
59 14
33 61
34 16
107 41
30 24
16 57
122 14
15 51
41 48
70 44
150 20
43 57
48 38
82 49
24 6
124 23
102 3
133 55
136 27
25 45
82 57
26 42
56 20
77 3
67 49
23 14
141 49
70 47
139 51
72 2
48 4
114 53
25 17
101 3
29 2
70 20
69 9
26 59
91 58
80 46
144 38
121 21
32 38
150 56
39 21
127 45
56 16
96 13
91 11
14 42
58 54
95 61
15 47
135 23
112 16
20 16
148 10
15 14
79 43
75 7
9 40
48 61
62 8
85 16
127 18
39 54
37 44
132 10
7 18
77 44
4 9
61 3
14 20
39 17
10 44
77 4
56 59
12 56
131 18
34 55
10 10
1 45
94 17
81 57
54 41
104 12
126 61
61 19
15 13
5 22
98 16
43 50
21 60
43 17
46 46
99 50
151 24
138 53
58 10
100 52
91 21
130 53
53 44
25 41
25 58
61 61
72 18
1 3
126 46
51 60
113 46
86 49
31 11
45 46
70 23
56 60
103 51
1 3
26 44
147 11
114 54
111 17
8 56
69 49
96 42
67 41
76 52
61 4
58 51
35 22
25 59
130 8
120 53
2 11
95 47
51 22
82 15
83 46
98 41
20 12
93 2
73 24
134 42
28 15
34 18
63 59
17 43
30 17
13 13
122 8
6 1
71 1
21 46
44 44
43 61
28 23
90 19
113 47
28 46
143 39
52 1
8 16
134 59
119 2
25 18
56 15
121 46
62 12
126 9
12 59
145 17
127 2
34 52
65 57
149 8
19 57
102 22
49 6
118 40
6 56
51 61
64 2
13 7
36 56
106 8
85 58
29 42
93 46
132 20
42 51
20 48
55 40
87 45
70 16
27 2
119 8
132 40
144 38
8 47
11 44
10 48
43 10
138 12
55 53
6 21
139 33
27 57
41 38
105 7
62 49
149 21
43 41
27 43
104 43
30 3
144 32
81 48
4 49
97 46
90 10
45 53
116 45
102 42
7 52
109 15
5 33
21 10
32 1
33 14
97 17
27 20
128 6
94 13
77 55
126 23
97 42
77 6
116 16
24 58
127 20
103 6
68 51
117 40
126 4
100 19
40 44
42 14
133 10
17 6
118 59
123 4
32 19
130 39
11 51
83 10
115 48
59 41
136 21
128 53
105 3
65 56
111 15
18 56
147 41
96 5
135 50
134 40
71 17
130 21
64 2
77 56
144 20
77 45
142 19
145 10
27 61
76 49
10 22
108 45
90 41
60 21
1 56
71 55
81 7
11 15
112 3
85 54
62 44
2 52
38 21
17 49
70 40
86 44
69 20
138 36
7 58
84 7
129 18
26 45
148 32
16 51
8 57
79 47
148 58
17 53
28 6
11 46
62 59
51 60
80 21
37 56
10 8
63 56
45 51
94 56
120 47
7 44
18 60
87 15
105 46
31 61
111 16
68 43
28 14
88 11
71 45
134 8
94 10
92 19
41 4
79 14
148 1
84 19
58 38
104 3
34 18
63 4
105 3
128 54
59 45
127 12
39 11
35 11
9 58
75 57
34 46
127 43
66 50
63 45
105 39
21 53
19 39
76 4
71 8
33 1
2 11
13 61
124 21
6 5
132 47
10 10
4 51
69 19
41 1
144 26
102 55
45 42
5 16
43 11
134 16
45 19
124 20
132 5
58 15
15 41
66 4
17 41
58 4
114 15
65 5
60 21
43 9
28 41
19 57
107 48
41 48
45 57
63 57
81 8
50 46
138 24
137 33
151 27
33 43
106 6
9 48
80 4
86 59
101 50
9 17
150 12
84 5
146 58
73 44
72 53
80 19
11 59
126 2
150 59
5 4
88 8
132 1
108 13
6 27
18 3
87 2
151 44
94 17
65 55
73 49
13 13
35 18
15 58
66 40
54 4
121 14
90 42
108 6
92 52
109 61
6 37
84 17
130 60
99 22
29 17
71 57
64 13
36 4
18 16
141 31
76 45
1 12
56 9
96 54
140 8
1 15
71 13
23 22
73 38
98 24
9 20
121 22
10 31
11 30
12 28
12 32
21 29
20 30
23 34
37 28
38 31
40 36
40 33
42 35
46 28
45 31
48 33
50 36
51 31
56 26
55 30
56 34
57 30
56 28
73 31
74 34
109 33
111 30
118 31
119 30
10 25
8 27
7 29
7 33
8 35
10 37
12 37
14 35
15 33
15 31
17 31
17 37
19 37
25 27
25 37
37 37
37 35
31 35
31 32
35 32
35 30
31 30
31 27
37 27
37 26
53 26
52 29
52 33
53 35
55 37
57 37
59 35
60 33
60 31
63 31
63 37
69 37
71 35
71 32
69 31
71 29
77 29
77 27
81 27
81 31
75 31
75 37
83 37
83 35
77 35
77 33
83 33
83 27
88 27
88 35
85 35
85 37
93 37
93 35
90 35
90 27
95 27
95 33
99 37
103 33
103 29
105 29
105 33
106 35
108 37
110 37
113 35
113 33
111 33
109 35
107 33
107 29
109 27
111 29
115 29
115 37
117 37
117 27
125 27
125 37
133 37
133 35
127 35
127 32
131 32
131 30
127 30
127 27
133 27
133 25
115 25
115 27
112 27
110 25
108 25
106 27
103 27
103 25
101 25
101 33
99 35
97 33
97 29
100 29
100 27
97 27
97 25
95 25
75 25
75 27
71 27
71 25
69 25
69 29
68 30
68 32
69 33
69 35
65 35
65 32
67 32
67 30
65 30
65 27
68 27
68 25
63 25
63 29
60 29
59 27
57 25
57 27
58 29
58 33
57 35
55 35
54 33
54 29
55 27
56 27
56 25
29 25
29 35
27 35
27 25
25 25
19 35
19 25
17 25
17 29
15 29
14 27
12 25
12 27
13 29
13 33
12 35
10 35
9 33
9 29
10 27
11 27
11 25
